1,0
0.9998,2.3426e-05
0.99959,4.6981e-05
0.99939,7.0674e-05
0.99918,9.4497e-05
0.99898,0.00011844
0.99877,0.00014249
0.99857,0.00016667
0.99836,0.00019095
0.99816,0.00021534
0.99795,0.00023982
0.99775,0.00026439
0.99754,0.00028904
0.99734,0.00031376
0.99713,0.00033856
0.99693,0.00036342
0.99673,0.00038833
0.99652,0.0004133
0.99632,0.00043831
0.99611,0.00046337
0.99591,0.00048845
0.9957,0.00051356
0.9955,0.0005387
0.99529,0.00056385
0.99509,0.000589
0.99488,0.00061416
0.99468,0.00063932
0.99448,0.00066447
0.99427,0.0006896
0.99407,0.00071471
0.99386,0.00073979
0.99366,0.00076484
0.99345,0.00078984
0.99325,0.0008148
0.99304,0.00083971
0.99284,0.00086457
0.99263,0.00088935
0.99243,0.00091407
0.99223,0.00093871
0.99202,0.00096327
0.99182,0.00098773
0.99161,0.0010121
0.99141,0.0010364
0.9912,0.0010605
0.991,0.0010846
0.99079,0.0011086
0.99059,0.0011324
0.99038,0.001156
0.99018,0.0011796
0.98997,0.001203
0.98977,0.0012262
0.98956,0.0012493
0.98936,0.0012723
0.98915,0.0012951
0.98895,0.0013179
0.98875,0.0013405
0.98854,0.001363
0.98834,0.0013854
0.98813,0.0014077
0.98793,0.0014299
0.98772,0.0014521
0.98752,0.0014741
0.98731,0.0014962
0.98711,0.0015181
0.9869,0.00154
0.9867,0.0015619
0.98649,0.0015838
0.98629,0.0016056
0.98608,0.0016274
0.98588,0.0016491
0.98567,0.0016709
0.98547,0.0016927
0.98526,0.0017145
0.98506,0.0017363
0.98485,0.0017581
0.98465,0.00178
0.98444,0.0018019
0.98424,0.0018238
0.98403,0.0018458
0.98383,0.0018678
0.98362,0.00189
0.98342,0.0019122
0.98321,0.0019344
0.98301,0.0019568
0.9828,0.0019792
0.9826,0.0020018
0.98239,0.0020245
0.98219,0.0020472
0.98198,0.0020702
0.98178,0.0020932
0.98157,0.0021164
0.98137,0.0021397
0.98116,0.0021632
0.98096,0.0021868
0.98076,0.0022106
0.98055,0.0022346
0.98035,0.0022587
0.98014,0.002283
0.97994,0.0023076
0.97973,0.0023323
0.97953,0.0023572
0.97932,0.0023823
0.97912,0.0024076
0.97891,0.002433
0.97871,0.0024586
0.97851,0.0024844
0.9783,0.0025103
0.9781,0.0025364
0.97789,0.0025626
0.97769,0.0025889
0.97748,0.0026153
0.97728,0.0026418
0.97707,0.0026684
0.97687,0.0026952
0.97667,0.002722
0.97646,0.0027489
0.97626,0.0027759
0.97605,0.0028029
0.97585,0.00283
0.97564,0.0028571
0.97544,0.0028843
0.97524,0.0029116
0.97503,0.0029388
0.97483,0.0029661
0.97462,0.0029934
0.97442,0.0030207
0.97421,0.0030481
0.97401,0.0030754
0.97381,0.0031027
0.9736,0.00313
0.9734,0.0031572
0.97319,0.0031845
0.97299,0.0032116
0.97278,0.0032388
0.97258,0.0032659
0.97238,0.0032929
0.97217,0.0033198
0.97197,0.0033467
0.97176,0.0033735
0.97156,0.0034002
0.97135,0.0034268
0.97115,0.0034533
0.97095,0.0034796
0.97074,0.0035059
0.97054,0.003532
0.97033,0.003558
0.97013,0.0035839
0.96992,0.0036096
0.96972,0.0036352
0.96951,0.0036606
0.96931,0.0036859
0.96911,0.003711
0.9689,0.003736
0.9687,0.0037609
0.96849,0.0037857
0.96829,0.0038104
0.96808,0.003835
0.96788,0.0038595
0.96767,0.0038839
0.96747,0.0039082
0.96726,0.0039325
0.96706,0.0039567
0.96685,0.0039808
0.96665,0.0040049
0.96645,0.004029
0.96624,0.004053
0.96604,0.0040769
0.96583,0.0041009
0.96563,0.0041248
0.96542,0.0041487
0.96522,0.0041726
0.96501,0.0041965
0.96481,0.0042204
0.9646,0.0042443
0.9644,0.0042682
0.96419,0.0042922
0.96399,0.0043162
0.96378,0.0043402
0.96358,0.0043643
0.96338,0.0043884
0.96317,0.0044126
0.96297,0.0044369
0.96276,0.0044612
0.96256,0.0044856
0.96235,0.0045101
0.96215,0.0045347
0.96194,0.0045594
0.96174,0.0045842
0.96153,0.0046091
0.96133,0.0046341
0.96112,0.0046592
0.96092,0.0046845
0.96072,0.0047099
0.96051,0.0047355
0.96031,0.0047612
0.9601,0.004787
0.9599,0.0048131
0.95969,0.0048393
0.95949,0.0048656
0.95928,0.0048921
0.95908,0.0049188
0.95888,0.0049456
0.95867,0.0049725
0.95847,0.0049996
0.95826,0.0050269
0.95806,0.0050542
0.95785,0.0050817
0.95765,0.0051093
0.95745,0.0051371
0.95724,0.0051649
0.95704,0.0051929
0.95683,0.005221
0.95663,0.0052492
0.95643,0.0052775
0.95622,0.0053059
0.95602,0.0053344
0.95581,0.005363
0.95561,0.0053917
0.9554,0.0054204
0.9552,0.0054493
0.955,0.0054782
0.95479,0.0055072
0.95459,0.0055362
0.95438,0.0055654
0.95418,0.0055946
0.95398,0.0056238
0.95377,0.0056531
0.95357,0.0056824
0.95336,0.0057118
0.95316,0.0057413
0.95296,0.0057707
0.95275,0.0058002
0.95255,0.0058298
0.95234,0.0058593
0.95214,0.0058889
0.95194,0.0059185
0.95173,0.0059482
0.95153,0.0059778
0.95133,0.0060074
0.95112,0.0060371
0.95092,0.0060667
0.95071,0.0060964
0.95051,0.006126
0.95031,0.0061556
0.9501,0.0061853
0.9499,0.0062149
0.94969,0.0062444
0.94949,0.006274
0.94929,0.0063035
0.94908,0.006333
0.94888,0.0063625
0.94867,0.006392
0.94847,0.0064215
0.94827,0.0064509
0.94806,0.0064804
0.94786,0.0065098
0.94765,0.0065392
0.94745,0.0065686
0.94725,0.006598
0.94704,0.0066273
0.94684,0.0066567
0.94663,0.006686
0.94643,0.0067153
0.94623,0.0067446
0.94602,0.0067739
0.94582,0.0068032
0.94561,0.0068324
0.94541,0.0068617
0.94521,0.0068909
0.945,0.0069202
0.9448,0.0069494
0.94459,0.0069786
0.94439,0.0070078
0.94419,0.007037
0.94398,0.0070662
0.94378,0.0070954
0.94357,0.0071245
0.94337,0.0071537
0.94317,0.0071828
0.94296,0.007212
0.94276,0.0072411
0.94255,0.0072703
0.94235,0.0072994
0.94215,0.0073285
0.94194,0.0073576
0.94174,0.0073868
0.94153,0.0074159
0.94133,0.007445
0.94113,0.0074741
0.94092,0.0075032
0.94072,0.0075323
0.94051,0.0075614
0.94031,0.0075905
0.94011,0.0076196
0.9399,0.0076487
0.9397,0.0076778
0.93949,0.0077069
0.93929,0.007736
0.93909,0.0077651
0.93888,0.0077942
0.93868,0.0078233
0.93847,0.0078524
0.93827,0.0078815
0.93807,0.0079106
0.93786,0.0079397
0.93766,0.0079688
0.93745,0.007998
0.93725,0.0080271
0.93705,0.0080562
0.93684,0.0080853
0.93664,0.0081145
0.93643,0.0081436
0.93623,0.0081728
0.93603,0.008202
0.93582,0.0082311
0.93562,0.0082603
0.93541,0.0082895
0.93521,0.0083187
0.93501,0.0083479
0.9348,0.0083771
0.9346,0.0084063
0.93439,0.0084355
0.93419,0.0084648
0.93399,0.008494
0.93378,0.0085233
0.93358,0.0085526
0.93337,0.0085819
0.93317,0.0086112
0.93297,0.0086405
0.93276,0.0086698
0.93256,0.0086992
0.93235,0.0087285
0.93215,0.0087579
0.93195,0.0087873
0.93174,0.0088167
0.93154,0.0088461
0.93133,0.0088755
0.93113,0.008905
0.93093,0.0089344
0.93072,0.0089639
0.93052,0.0089934
0.93031,0.0090229
0.93011,0.0090525
0.92991,0.009082
0.9297,0.0091116
0.9295,0.0091412
0.92929,0.0091708
0.92909,0.0092005
0.92889,0.0092301
0.92868,0.0092598
0.92848,0.0092895
0.92828,0.0093192
0.92807,0.009349
0.92787,0.0093787
0.92766,0.0094085
0.92746,0.0094383
0.92726,0.0094682
0.92705,0.009498
0.92685,0.0095279
0.92664,0.0095578
0.92644,0.0095878
0.92624,0.0096178
0.92603,0.0096477
0.92583,0.0096778
0.92562,0.0097078
0.92542,0.0097379
0.92522,0.009768
0.92501,0.0097981
0.92481,0.0098283
0.92461,0.0098584
0.9244,0.0098887
0.9242,0.0099189
0.92399,0.0099492
0.92379,0.0099795
0.92359,0.01001
0.92338,0.01004
0.92318,0.010071
0.92297,0.010101
0.92277,0.010131
0.92257,0.010162
0.92236,0.010192
0.92216,0.010223
0.92196,0.010253
0.92175,0.010284
0.92155,0.010315
0.92134,0.010345
0.92114,0.010376
0.92094,0.010407
0.92073,0.010437
0.92053,0.010468
0.92033,0.010499
0.92012,0.01053
0.91992,0.010561
0.91971,0.010591
0.91951,0.010622
0.91931,0.010653
0.9191,0.010684
0.9189,0.010715
0.9187,0.010746
0.91849,0.010777
0.91829,0.010808
0.91808,0.010839
0.91788,0.01087
0.91768,0.010902
0.91747,0.010933
0.91727,0.010964
0.91707,0.010995
0.91686,0.011026
0.91666,0.011058
0.91645,0.011089
0.91625,0.01112
0.91605,0.011152
0.91584,0.011183
0.91564,0.011214
0.91544,0.011246
0.91523,0.011277
0.91503,0.011309
0.91483,0.01134
0.91462,0.011372
0.91442,0.011403
0.91421,0.011435
0.91401,0.011466
0.91381,0.011498
0.9136,0.01153
0.9134,0.011561
0.9132,0.011593
0.91299,0.011625
0.91279,0.011657
0.91258,0.011688
0.91238,0.01172
0.91218,0.011752
0.91197,0.011784
0.91177,0.011816
0.91157,0.011848
0.91136,0.01188
0.91116,0.011912
0.91096,0.011944
0.91075,0.011976
0.91055,0.012008
0.91035,0.01204
0.91014,0.012072
0.90994,0.012104
0.90973,0.012136
0.90953,0.012168
0.90933,0.0122
0.90912,0.012232
0.90892,0.012265
0.90872,0.012297
0.90851,0.012329
0.90831,0.012361
0.90811,0.012394
0.9079,0.012426
0.9077,0.012458
0.9075,0.012491
0.90729,0.012523
0.90709,0.012556
0.90689,0.012588
0.90668,0.012621
0.90648,0.012653
0.90627,0.012686
0.90607,0.012718
0.90587,0.012751
0.90566,0.012783
0.90546,0.012816
0.90526,0.012849
0.90505,0.012881
0.90485,0.012914
0.90465,0.012947
0.90444,0.012979
0.90424,0.013012
0.90404,0.013045
0.90383,0.013078
0.90363,0.013111
0.90343,0.013143
0.90322,0.013176
0.90302,0.013209
0.90282,0.013242
0.90261,0.013275
0.90241,0.013308
0.90221,0.013341
0.902,0.013374
0.9018,0.013407
0.9016,0.01344
0.90139,0.013473
0.90119,0.013506
0.90099,0.013539
0.90078,0.013572
0.90058,0.013606
0.90038,0.013639
0.90017,0.013672
0.89997,0.013705
0.89977,0.013738
0.89956,0.013772
0.89936,0.013805
0.89915,0.013838
0.89895,0.013872
0.89875,0.013905
0.89854,0.013938
0.89834,0.013972
0.89814,0.014005
0.89793,0.014038
0.89773,0.014072
0.89753,0.014105
0.89732,0.014139
0.89712,0.014172
0.89692,0.014206
0.89671,0.014239
0.89651,0.014273
0.89631,0.014307
0.8961,0.01434
0.8959,0.014374
0.8957,0.014407
0.89549,0.014441
0.89529,0.014475
0.89509,0.014508
0.89488,0.014542
0.89468,0.014576
0.89448,0.01461
0.89427,0.014643
0.89407,0.014677
0.89387,0.014711
0.89367,0.014745
0.89346,0.014778
0.89326,0.014812
0.89306,0.014846
0.89285,0.01488
0.89265,0.014914
0.89245,0.014948
0.89224,0.014982
0.89204,0.015016
0.89184,0.01505
0.89163,0.015084
0.89143,0.015118
0.89123,0.015152
0.89102,0.015186
0.89082,0.01522
0.89062,0.015254
0.89041,0.015288
0.89021,0.015322
0.89001,0.015356
0.8898,0.01539
0.8896,0.015424
0.8894,0.015458
0.88919,0.015492
0.88899,0.015526
0.88879,0.015561
0.88858,0.015595
0.88838,0.015629
0.88818,0.015663
0.88797,0.015697
0.88777,0.015731
0.88757,0.015766
0.88736,0.0158
0.88716,0.015834
0.88696,0.015868
0.88675,0.015903
0.88655,0.015937
0.88635,0.015971
0.88615,0.016006
0.88594,0.01604
0.88574,0.016074
0.88554,0.016109
0.88533,0.016143
0.88513,0.016177
0.88493,0.016212
0.88472,0.016246
0.88452,0.01628
0.88432,0.016315
0.88411,0.016349
0.88391,0.016384
0.88371,0.016418
0.8835,0.016453
0.8833,0.016487
0.8831,0.016521
0.88289,0.016556
0.88269,0.01659
0.88249,0.016625
0.88228,0.016659
0.88208,0.016694
0.88188,0.016728
0.88167,0.016763
0.88147,0.016797
0.88127,0.016832
0.88107,0.016866
0.88086,0.016901
0.88066,0.016936
0.88046,0.01697
0.88025,0.017005
0.88005,0.017039
0.87985,0.017074
0.87964,0.017108
0.87944,0.017143
0.87924,0.017178
0.87903,0.017212
0.87883,0.017247
0.87863,0.017281
0.87842,0.017316
0.87822,0.017351
0.87802,0.017385
0.87781,0.01742
0.87761,0.017454
0.87741,0.017489
0.87721,0.017524
0.877,0.017558
0.8768,0.017593
0.8766,0.017628
0.87639,0.017662
0.87619,0.017697
0.87599,0.017732
0.87578,0.017766
0.87558,0.017801
0.87538,0.017836
0.87517,0.01787
0.87497,0.017905
0.87477,0.01794
0.87456,0.017974
0.87436,0.018009
0.87416,0.018044
0.87396,0.018078
0.87375,0.018113
0.87355,0.018148
0.87335,0.018182
0.87314,0.018217
0.87294,0.018252
0.87274,0.018287
0.87253,0.018321
0.87233,0.018356
0.87213,0.018391
0.87192,0.018425
0.87172,0.01846
0.87152,0.018495
0.87131,0.01853
0.87111,0.018564
0.87091,0.018599
0.87071,0.018634
0.8705,0.018668
0.8703,0.018703
0.8701,0.018738
0.86989,0.018773
0.86969,0.018807
0.86949,0.018842
0.86928,0.018877
0.86908,0.018912
0.86888,0.018946
0.86867,0.018981
0.86847,0.019016
0.86827,0.019051
0.86806,0.019086
0.86786,0.01912
0.86766,0.019155
0.86746,0.01919
0.86725,0.019225
0.86705,0.01926
0.86685,0.019294
0.86664,0.019329
0.86644,0.019364
0.86624,0.019399
0.86603,0.019434
0.86583,0.019468
0.86563,0.019503
0.86542,0.019538
0.86522,0.019573
0.86502,0.019608
0.86481,0.019643
0.86461,0.019677
0.86441,0.019712
0.86421,0.019747
0.864,0.019782
0.8638,0.019817
0.8636,0.019852
0.86339,0.019887
0.86319,0.019922
0.86299,0.019956
0.86278,0.019991
0.86258,0.020026
0.86238,0.020061
0.86217,0.020096
0.86197,0.020131
0.86177,0.020166
0.86156,0.020201
0.86136,0.020236
0.86116,0.020271
0.86096,0.020306
0.86075,0.020341
0.86055,0.020375
0.86035,0.02041
0.86014,0.020445
0.85994,0.02048
0.85974,0.020515
0.85953,0.02055
0.85933,0.020585
0.85913,0.02062
0.85892,0.020655
0.85872,0.02069
0.85852,0.020725
0.85832,0.02076
0.85811,0.020795
0.85791,0.02083
0.85771,0.020865
0.8575,0.0209
0.8573,0.020936
0.8571,0.020971
0.85689,0.021006
0.85669,0.021041
0.85649,0.021076
0.85628,0.021111
0.85608,0.021146
0.85588,0.021181
0.85568,0.021216
0.85547,0.021251
0.85527,0.021286
0.85507,0.021321
0.85486,0.021357
0.85466,0.021392
0.85446,0.021427
0.85425,0.021462
0.85405,0.021497
0.85385,0.021532
0.85365,0.021567
0.85344,0.021603
0.85324,0.021638
0.85304,0.021673
0.85283,0.021708
0.85263,0.021743
0.85243,0.021779
0.85222,0.021814
0.85202,0.021849
0.85182,0.021884
0.85161,0.021919
0.85141,0.021955
0.85121,0.02199
0.85101,0.022025
0.8508,0.022061
0.8506,0.022096
0.8504,0.022131
0.85019,0.022166
0.84999,0.022202
0.84979,0.022237
0.84958,0.022272
0.84938,0.022308
0.84918,0.022343
0.84898,0.022378
0.84877,0.022414
0.84857,0.022449
0.84837,0.022484
0.84816,0.02252
0.84796,0.022555
0.84776,0.02259
0.84755,0.022626
0.84735,0.022661
0.84715,0.022697
0.84695,0.022732
0.84674,0.022768
0.84654,0.022803
0.84634,0.022838
0.84613,0.022874
0.84593,0.022909
0.84573,0.022945
0.84552,0.02298
0.84532,0.023016
0.84512,0.023051
0.84491,0.023087
0.84471,0.023122
0.84451,0.023158
0.84431,0.023193
0.8441,0.023229
0.8439,0.023264
0.8437,0.0233
0.84349,0.023335
0.84329,0.023371
0.84309,0.023406
0.84289,0.023442
0.84268,0.023477
0.84248,0.023513
0.84228,0.023549
0.84207,0.023584
0.84187,0.02362
0.84167,0.023655
0.84146,0.023691
0.84126,0.023727
0.84106,0.023762
0.84086,0.023798
0.84065,0.023834
0.84045,0.023869
0.84025,0.023905
0.84004,0.02394
0.83984,0.023976
0.83964,0.024012
0.83943,0.024047
0.83923,0.024083
0.83903,0.024119
0.83883,0.024155
0.83862,0.02419
0.83842,0.024226
0.83822,0.024262
0.83801,0.024297
0.83781,0.024333
0.83761,0.024369
0.8374,0.024405
0.8372,0.02444
0.837,0.024476
0.8368,0.024512
0.83659,0.024548
0.83639,0.024583
0.83619,0.024619
0.83598,0.024655
0.83578,0.024691
0.83558,0.024726
0.83538,0.024762
0.83517,0.024798
0.83497,0.024834
0.83477,0.02487
0.83456,0.024906
0.83436,0.024941
0.83416,0.024977
0.83395,0.025013
0.83375,0.025049
0.83355,0.025085
0.83335,0.025121
0.83314,0.025156
0.83294,0.025192
0.83274,0.025228
0.83253,0.025264
0.83233,0.0253
0.83213,0.025336
0.83193,0.025372
0.83172,0.025408
0.83152,0.025444
0.83132,0.025479
0.83111,0.025515
0.83091,0.025551
0.83071,0.025587
0.8305,0.025623
0.8303,0.025659
0.8301,0.025695
0.8299,0.025731
0.82969,0.025767
0.82949,0.025803
0.82929,0.025839
0.82908,0.025875
0.82888,0.025911
0.82868,0.025947
0.82848,0.025983
0.82827,0.026019
0.82807,0.026055
0.82787,0.026091
0.82766,0.026127
0.82746,0.026163
0.82726,0.026199
0.82706,0.026235
0.82685,0.026271
0.82665,0.026307
0.82645,0.026343
0.82624,0.026379
0.82604,0.026415
0.82584,0.026451
0.82564,0.026487
0.82543,0.026523
0.82523,0.026559
0.82503,0.026595
0.82482,0.026631
0.82462,0.026667
0.82442,0.026704
0.82421,0.02674
0.82401,0.026776
0.82381,0.026812
0.82361,0.026848
0.8234,0.026884
0.8232,0.02692
0.823,0.026956
0.82279,0.026992
0.82259,0.027029
0.82239,0.027065
0.82219,0.027101
0.82198,0.027137
0.82178,0.027173
0.82158,0.027209
0.82137,0.027245
0.82117,0.027282
0.82097,0.027318
0.82077,0.027354
0.82056,0.02739
0.82036,0.027426
0.82016,0.027463
0.81995,0.027499
0.81975,0.027535
0.81955,0.027571
0.81935,0.027607
0.81914,0.027644
0.81894,0.02768
0.81874,0.027716
0.81853,0.027752
0.81833,0.027789
0.81813,0.027825
0.81793,0.027861
0.81772,0.027897
0.81752,0.027934
0.81732,0.02797
0.81711,0.028006
0.81691,0.028043
0.81671,0.028079
0.81651,0.028115
0.8163,0.028151
0.8161,0.028188
0.8159,0.028224
0.81569,0.02826
0.81549,0.028297
0.81529,0.028333
0.81509,0.02837
0.81488,0.028406
0.81468,0.028442
0.81448,0.028479
0.81427,0.028515
0.81407,0.028552
0.81387,0.028588
0.81367,0.028624
0.81346,0.028661
0.81326,0.028697
0.81306,0.028734
0.81285,0.02877
0.81265,0.028807
0.81245,0.028843
0.81225,0.02888
0.81204,0.028916
0.81184,0.028952
0.81164,0.028989
0.81143,0.029026
0.81123,0.029062
0.81103,0.029099
0.81083,0.029135
0.81062,0.029172
0.81042,0.029208
0.81022,0.029245
0.81001,0.029281
0.80981,0.029318
0.80961,0.029354
0.80941,0.029391
0.8092,0.029428
0.809,0.029464
0.8088,0.029501
0.8086,0.029538
0.80839,0.029574
0.80819,0.029611
0.80799,0.029648
0.80778,0.029684
0.80758,0.029721
0.80738,0.029758
0.80718,0.029794
0.80697,0.029831
0.80677,0.029868
0.80657,0.029904
0.80636,0.029941
0.80616,0.029978
0.80596,0.030015
0.80576,0.030051
0.80555,0.030088
0.80535,0.030125
0.80515,0.030162
0.80495,0.030199
0.80474,0.030235
0.80454,0.030272
0.80434,0.030309
0.80413,0.030346
0.80393,0.030383
0.80373,0.03042
0.80353,0.030457
0.80332,0.030494
0.80312,0.03053
0.80292,0.030567
0.80271,0.030604
0.80251,0.030641
0.80231,0.030678
0.80211,0.030715
0.8019,0.030752
0.8017,0.030789
0.8015,0.030826
0.8013,0.030863
0.80109,0.0309
0.80089,0.030937
0.80069,0.030974
0.80048,0.031011
0.80028,0.031048
0.80008,0.031085
0.79988,0.031123
0.79967,0.03116
0.79947,0.031197
0.79927,0.031234
0.79907,0.031271
0.79886,0.031308
0.79866,0.031345
0.79846,0.031383
0.79826,0.03142
0.79805,0.031457
0.79785,0.031494
0.79765,0.031531
0.79744,0.031569
0.79724,0.031606
0.79704,0.031643
0.79684,0.03168
0.79663,0.031717
0.79643,0.031755
0.79623,0.031792
0.79603,0.031829
0.79582,0.031867
0.79562,0.031904
0.79542,0.031941
0.79521,0.031979
0.79501,0.032016
0.79481,0.032053
0.79461,0.03209
0.7944,0.032128
0.7942,0.032165
0.794,0.032203
0.7938,0.03224
0.79359,0.032277
0.79339,0.032315
0.79319,0.032352
0.79299,0.032389
0.79278,0.032427
0.79258,0.032464
0.79238,0.032501
0.79217,0.032539
0.79197,0.032576
0.79177,0.032614
0.79157,0.032651
0.79136,0.032688
0.79116,0.032726
0.79096,0.032763
0.79076,0.032801
0.79055,0.032838
0.79035,0.032875
0.79015,0.032913
0.78995,0.03295
0.78974,0.032988
0.78954,0.033025
0.78934,0.033063
0.78914,0.0331
0.78893,0.033137
0.78873,0.033175
0.78853,0.033212
0.78832,0.03325
0.78812,0.033287
0.78792,0.033325
0.78772,0.033362
0.78751,0.033399
0.78731,0.033437
0.78711,0.033474
0.78691,0.033512
0.7867,0.033549
0.7865,0.033587
0.7863,0.033624
0.7861,0.033661
0.78589,0.033699
0.78569,0.033736
0.78549,0.033774
0.78528,0.033811
0.78508,0.033848
0.78488,0.033886
0.78468,0.033923
0.78447,0.033961
0.78427,0.033998
0.78407,0.034035
0.78387,0.034073
0.78366,0.03411
0.78346,0.034148
0.78326,0.034185
0.78306,0.034222
0.78285,0.03426
0.78265,0.034297
0.78245,0.034334
0.78224,0.034372
0.78204,0.034409
0.78184,0.034446
0.78164,0.034484
0.78143,0.034521
0.78123,0.034558
0.78103,0.034595
0.78083,0.034633
0.78062,0.03467
0.78042,0.034707
0.78022,0.034745
0.78002,0.034782
0.77981,0.034819
0.77961,0.034856
0.77941,0.034893
0.7792,0.034931
0.779,0.034968
0.7788,0.035005
0.7786,0.035042
0.77839,0.035079
0.77819,0.035117
0.77799,0.035154
0.77779,0.035191
0.77758,0.035228
0.77738,0.035265
0.77718,0.035302
0.77697,0.035339
0.77677,0.035376
0.77657,0.035413
0.77637,0.035451
0.77616,0.035488
0.77596,0.035525
0.77576,0.035562
0.77556,0.035599
0.77535,0.035636
0.77515,0.035673
0.77495,0.03571
0.77474,0.035747
0.77454,0.035783
0.77434,0.03582
0.77414,0.035857
0.77393,0.035894
0.77373,0.035931
0.77353,0.035968
0.77333,0.036005
0.77312,0.036042
0.77292,0.036078
0.77272,0.036115
0.77251,0.036152
0.77231,0.036189
0.77211,0.036226
0.77191,0.036262
0.7717,0.036299
0.7715,0.036336
0.7713,0.036373
0.7711,0.036409
0.77089,0.036446
0.77069,0.036483
0.77049,0.03652
0.77028,0.036556
0.77008,0.036593
0.76988,0.03663
0.76968,0.036666
0.76947,0.036703
0.76927,0.03674
0.76907,0.036776
0.76886,0.036813
0.76866,0.036849
0.76846,0.036886
0.76826,0.036923
0.76805,0.036959
0.76785,0.036996
0.76765,0.037032
0.76744,0.037069
0.76724,0.037105
0.76704,0.037142
0.76684,0.037178
0.76663,0.037215
0.76643,0.037252
0.76623,0.037288
0.76603,0.037325
0.76582,0.037361
0.76562,0.037398
0.76542,0.037434
0.76521,0.037471
0.76501,0.037507
0.76481,0.037543
0.76461,0.03758
0.7644,0.037616
0.7642,0.037653
0.764,0.037689
0.76379,0.037726
0.76359,0.037762
0.76339,0.037799
0.76319,0.037835
0.76298,0.037871
0.76278,0.037908
0.76258,0.037944
0.76237,0.037981
0.76217,0.038017
0.76197,0.038053
0.76177,0.03809
0.76156,0.038126
0.76136,0.038163
0.76116,0.038199
0.76095,0.038235
0.76075,0.038272
0.76055,0.038308
0.76035,0.038344
0.76014,0.038381
0.75994,0.038417
0.75974,0.038454
0.75953,0.03849
0.75933,0.038526
0.75913,0.038563
0.75893,0.038599
0.75872,0.038635
0.75852,0.038672
0.75832,0.038708
0.75811,0.038744
0.75791,0.038781
0.75771,0.038817
0.75751,0.038854
0.7573,0.03889
0.7571,0.038926
0.7569,0.038963
0.75669,0.038999
0.75649,0.039035
0.75629,0.039072
0.75609,0.039108
0.75588,0.039144
0.75568,0.039181
0.75548,0.039217
0.75527,0.039253
0.75507,0.03929
0.75487,0.039326
0.75467,0.039363
0.75446,0.039399
0.75426,0.039435
0.75406,0.039472
0.75385,0.039508
0.75365,0.039544
0.75345,0.039581
0.75325,0.039617
0.75304,0.039654
0.75284,0.03969
0.75264,0.039726
0.75243,0.039763
0.75223,0.039799
0.75203,0.039836
0.75183,0.039872
0.75162,0.039908
0.75142,0.039945
0.75122,0.039981
0.75101,0.040018
0.75081,0.040054
0.75061,0.040091
0.75041,0.040127
0.7502,0.040163
0.75,0.0402
0.7498,0.040236
0.7496,0.040273
0.74939,0.040309
0.74919,0.040346
0.74899,0.040382
0.74878,0.040419
0.74858,0.040455
0.74838,0.040492
0.74818,0.040528
0.74797,0.040565
0.74777,0.040601
0.74757,0.040638
0.74736,0.040674
0.74716,0.040711
0.74696,0.040747
0.74676,0.040784
0.74655,0.04082
0.74635,0.040857
0.74615,0.040893
0.74594,0.04093
0.74574,0.040967
0.74554,0.041003
0.74534,0.04104
0.74513,0.041076
0.74493,0.041113
0.74473,0.041149
0.74452,0.041186
0.74432,0.041223
0.74412,0.041259
0.74392,0.041296
0.74371,0.041332
0.74351,0.041369
0.74331,0.041405
0.74311,0.041442
0.7429,0.041479
0.7427,0.041515
0.7425,0.041552
0.74229,0.041588
0.74209,0.041625
0.74189,0.041662
0.74169,0.041698
0.74148,0.041735
0.74128,0.041771
0.74108,0.041808
0.74087,0.041845
0.74067,0.041881
0.74047,0.041918
0.74027,0.041954
0.74006,0.041991
0.73986,0.042028
0.73966,0.042064
0.73945,0.042101
0.73925,0.042137
0.73905,0.042174
0.73885,0.04221
0.73864,0.042247
0.73844,0.042284
0.73824,0.04232
0.73803,0.042357
0.73783,0.042393
0.73763,0.04243
0.73743,0.042467
0.73722,0.042503
0.73702,0.04254
0.73682,0.042576
0.73662,0.042613
0.73641,0.042649
0.73621,0.042686
0.73601,0.042723
0.7358,0.042759
0.7356,0.042796
0.7354,0.042832
0.7352,0.042869
0.73499,0.042905
0.73479,0.042942
0.73459,0.042979
0.73438,0.043015
0.73418,0.043052
0.73398,0.043088
0.73378,0.043125
0.73357,0.043161
0.73337,0.043198
0.73317,0.043234
0.73296,0.043271
0.73276,0.043307
0.73256,0.043344
0.73236,0.04338
0.73215,0.043417
0.73195,0.043453
0.73175,0.04349
0.73154,0.043526
0.73134,0.043563
0.73114,0.043599
0.73094,0.043636
0.73073,0.043672
0.73053,0.043709
0.73033,0.043745
0.73013,0.043782
0.72992,0.043818
0.72972,0.043854
0.72952,0.043891
0.72931,0.043927
0.72911,0.043964
0.72891,0.044
0.72871,0.044036
0.7285,0.044073
0.7283,0.044109
0.7281,0.044146
0.72789,0.044182
0.72769,0.044218
0.72749,0.044255
0.72729,0.044291
0.72708,0.044327
0.72688,0.044364
0.72668,0.0444
0.72647,0.044436
0.72627,0.044473
0.72607,0.044509
0.72587,0.044545
0.72566,0.044582
0.72546,0.044618
0.72526,0.044654
0.72505,0.04469
0.72485,0.044727
0.72465,0.044763
0.72445,0.044799
0.72424,0.044835
0.72404,0.044871
0.72384,0.044908
0.72363,0.044944
0.72343,0.04498
0.72323,0.045016
0.72303,0.045052
0.72282,0.045089
0.72262,0.045125
0.72242,0.045161
0.72221,0.045197
0.72201,0.045233
0.72181,0.045269
0.72161,0.045305
0.7214,0.045341
0.7212,0.045377
0.721,0.045414
0.72079,0.04545
0.72059,0.045486
0.72039,0.045522
0.72018,0.045558
0.71998,0.045594
0.71978,0.04563
0.71958,0.045666
0.71937,0.045702
0.71917,0.045738
0.71897,0.045774
0.71876,0.04581
0.71856,0.045846
0.71836,0.045882
0.71816,0.045918
0.71795,0.045954
0.71775,0.045989
0.71755,0.046025
0.71734,0.046061
0.71714,0.046097
0.71694,0.046133
0.71674,0.046169
0.71653,0.046205
0.71633,0.046241
0.71613,0.046277
0.71592,0.046312
0.71572,0.046348
0.71552,0.046384
0.71531,0.04642
0.71511,0.046456
0.71491,0.046492
0.71471,0.046527
0.7145,0.046563
0.7143,0.046599
0.7141,0.046635
0.71389,0.046671
0.71369,0.046706
0.71349,0.046742
0.71329,0.046778
0.71308,0.046814
0.71288,0.046849
0.71268,0.046885
0.71247,0.046921
0.71227,0.046956
0.71207,0.046992
0.71186,0.047028
0.71166,0.047064
0.71146,0.047099
0.71126,0.047135
0.71105,0.047171
0.71085,0.047206
0.71065,0.047242
0.71044,0.047277
0.71024,0.047313
0.71004,0.047349
0.70983,0.047384
0.70963,0.04742
0.70943,0.047455
0.70923,0.047491
0.70902,0.047527
0.70882,0.047562
0.70862,0.047598
0.70841,0.047633
0.70821,0.047669
0.70801,0.047704
0.7078,0.04774
0.7076,0.047775
0.7074,0.047811
0.7072,0.047846
0.70699,0.047882
0.70679,0.047917
0.70659,0.047953
0.70638,0.047988
0.70618,0.048024
0.70598,0.048059
0.70577,0.048095
0.70557,0.04813
0.70537,0.048166
0.70517,0.048201
0.70496,0.048237
0.70476,0.048272
0.70456,0.048307
0.70435,0.048343
0.70415,0.048378
0.70395,0.048413
0.70374,0.048449
0.70354,0.048484
0.70334,0.04852
0.70314,0.048555
0.70293,0.04859
0.70273,0.048626
0.70253,0.048661
0.70232,0.048696
0.70212,0.048732
0.70192,0.048767
0.70171,0.048802
0.70151,0.048838
0.70131,0.048873
0.70111,0.048908
0.7009,0.048943
0.7007,0.048979
0.7005,0.049014
0.70029,0.049049
0.70009,0.049084
0.69989,0.04912
0.69968,0.049155
0.69948,0.04919
0.69928,0.049225
0.69907,0.04926
0.69887,0.049296
0.69867,0.049331
0.69847,0.049366
0.69826,0.049401
0.69806,0.049436
0.69786,0.049472
0.69765,0.049507
0.69745,0.049542
0.69725,0.049577
0.69704,0.049612
0.69684,0.049647
0.69664,0.049682
0.69643,0.049718
0.69623,0.049753
0.69603,0.049788
0.69583,0.049823
0.69562,0.049858
0.69542,0.049893
0.69522,0.049928
0.69501,0.049963
0.69481,0.049998
0.69461,0.050033
0.6944,0.050068
0.6942,0.050104
0.694,0.050139
0.6938,0.050174
0.69359,0.050209
0.69339,0.050244
0.69319,0.050279
0.69298,0.050314
0.69278,0.050349
0.69258,0.050384
0.69237,0.050419
0.69217,0.050454
0.69197,0.050489
0.69176,0.050524
0.69156,0.050559
0.69136,0.050594
0.69115,0.050629
0.69095,0.050664
0.69075,0.050699
0.69055,0.050734
0.69034,0.050769
0.69014,0.050804
0.68994,0.050838
0.68973,0.050873
0.68953,0.050908
0.68933,0.050943
0.68912,0.050978
0.68892,0.051013
0.68872,0.051048
0.68851,0.051083
0.68831,0.051118
0.68811,0.051153
0.68791,0.051188
0.6877,0.051223
0.6875,0.051258
0.6873,0.051292
0.68709,0.051327
0.68689,0.051362
0.68669,0.051397
0.68648,0.051432
0.68628,0.051467
0.68608,0.051502
0.68587,0.051537
0.68567,0.051571
0.68547,0.051606
0.68527,0.051641
0.68506,0.051676
0.68486,0.051711
0.68466,0.051746
0.68445,0.051781
0.68425,0.051815
0.68405,0.05185
0.68384,0.051885
0.68364,0.05192
0.68344,0.051955
0.68323,0.05199
0.68303,0.052024
0.68283,0.052059
0.68262,0.052094
0.68242,0.052129
0.68222,0.052164
0.68202,0.052199
0.68181,0.052233
0.68161,0.052268
0.68141,0.052303
0.6812,0.052338
0.681,0.052373
0.6808,0.052407
0.68059,0.052442
0.68039,0.052477
0.68019,0.052512
0.67998,0.052547
0.67978,0.052581
0.67958,0.052616
0.67937,0.052651
0.67917,0.052686
0.67897,0.052721
0.67877,0.052755
0.67856,0.05279
0.67836,0.052825
0.67816,0.05286
0.67795,0.052894
0.67775,0.052929
0.67755,0.052964
0.67734,0.052999
0.67714,0.053034
0.67694,0.053068
0.67673,0.053103
0.67653,0.053138
0.67633,0.053173
0.67612,0.053207
0.67592,0.053242
0.67572,0.053277
0.67552,0.053312
0.67531,0.053347
0.67511,0.053381
0.67491,0.053416
0.6747,0.053451
0.6745,0.053486
0.6743,0.05352
0.67409,0.053555
0.67389,0.05359
0.67369,0.053625
0.67348,0.053659
0.67328,0.053694
0.67308,0.053729
0.67287,0.053764
0.67267,0.053798
0.67247,0.053833
0.67227,0.053868
0.67206,0.053903
0.67186,0.053937
0.67166,0.053972
0.67145,0.054007
0.67125,0.054042
0.67105,0.054076
0.67084,0.054111
0.67064,0.054146
0.67044,0.05418
0.67023,0.054215
0.67003,0.05425
0.66983,0.054285
0.66962,0.054319
0.66942,0.054354
0.66922,0.054389
0.66902,0.054423
0.66881,0.054458
0.66861,0.054493
0.66841,0.054527
0.6682,0.054562
0.668,0.054596
0.6678,0.054631
0.66759,0.054666
0.66739,0.0547
0.66719,0.054735
0.66698,0.054769
0.66678,0.054804
0.66658,0.054838
0.66637,0.054873
0.66617,0.054908
0.66597,0.054942
0.66576,0.054977
0.66556,0.055011
0.66536,0.055046
0.66516,0.05508
0.66495,0.055115
0.66475,0.055149
0.66455,0.055183
0.66434,0.055218
0.66414,0.055252
0.66394,0.055287
0.66373,0.055321
0.66353,0.055355
0.66333,0.05539
0.66312,0.055424
0.66292,0.055458
0.66272,0.055493
0.66251,0.055527
0.66231,0.055561
0.66211,0.055596
0.6619,0.05563
0.6617,0.055664
0.6615,0.055698
0.66129,0.055733
0.66109,0.055767
0.66089,0.055801
0.66068,0.055835
0.66048,0.055869
0.66028,0.055903
0.66008,0.055937
0.65987,0.055972
0.65967,0.056006
0.65947,0.05604
0.65926,0.056074
0.65906,0.056108
0.65886,0.056142
0.65865,0.056176
0.65845,0.05621
0.65825,0.056244
0.65804,0.056277
0.65784,0.056311
0.65764,0.056345
0.65743,0.056379
0.65723,0.056413
0.65703,0.056447
0.65682,0.05648
0.65662,0.056514
0.65642,0.056548
0.65621,0.056582
0.65601,0.056615
0.65581,0.056649
0.6556,0.056683
0.6554,0.056716
0.6552,0.05675
0.65499,0.056784
0.65479,0.056817
0.65459,0.056851
0.65438,0.056884
0.65418,0.056918
0.65398,0.056951
0.65377,0.056985
0.65357,0.057018
0.65337,0.057051
0.65316,0.057085
0.65296,0.057118
0.65276,0.057151
0.65255,0.057185
0.65235,0.057218
0.65215,0.057251
0.65194,0.057284
0.65174,0.057317
0.65154,0.057351
0.65133,0.057384
0.65113,0.057417
0.65093,0.05745
0.65072,0.057483
0.65052,0.057516
0.65032,0.057549
0.65011,0.057582
0.64991,0.057615
0.64971,0.057648
0.6495,0.05768
0.6493,0.057713
0.6491,0.057746
0.64889,0.057779
0.64869,0.057812
0.64848,0.057844
0.64828,0.057877
0.64808,0.05791
0.64787,0.057942
0.64767,0.057975
0.64747,0.058007
0.64726,0.05804
0.64706,0.058073
0.64686,0.058105
0.64665,0.058137
0.64645,0.05817
0.64625,0.058202
0.64604,0.058235
0.64584,0.058267
0.64564,0.058299
0.64543,0.058332
0.64523,0.058364
0.64502,0.058396
0.64482,0.058429
0.64462,0.058461
0.64441,0.058493
0.64421,0.058525
0.64401,0.058557
0.6438,0.058589
0.6436,0.058622
0.6434,0.058654
0.64319,0.058686
0.64299,0.058718
0.64279,0.05875
0.64258,0.058782
0.64238,0.058814
0.64218,0.058846
0.64197,0.058878
0.64177,0.05891
0.64156,0.058942
0.64136,0.058974
0.64116,0.059005
0.64095,0.059037
0.64075,0.059069
0.64055,0.059101
0.64034,0.059133
0.64014,0.059165
0.63994,0.059196
0.63973,0.059228
0.63953,0.05926
0.63932,0.059292
0.63912,0.059323
0.63892,0.059355
0.63871,0.059387
0.63851,0.059418
0.63831,0.05945
0.6381,0.059482
0.6379,0.059513
0.6377,0.059545
0.63749,0.059576
0.63729,0.059608
0.63708,0.05964
0.63688,0.059671
0.63668,0.059703
0.63647,0.059734
0.63627,0.059766
0.63607,0.059797
0.63586,0.059829
0.63566,0.05986
0.63546,0.059892
0.63525,0.059923
0.63505,0.059955
0.63484,0.059986
0.63464,0.060017
0.63444,0.060049
0.63423,0.06008
0.63403,0.060112
0.63383,0.060143
0.63362,0.060175
0.63342,0.060206
0.63322,0.060237
0.63301,0.060269
0.63281,0.0603
0.6326,0.060331
0.6324,0.060363
0.6322,0.060394
0.63199,0.060425
0.63179,0.060457
0.63159,0.060488
0.63138,0.060519
0.63118,0.060551
0.63097,0.060582
0.63077,0.060613
0.63057,0.060645
0.63036,0.060676
0.63016,0.060707
0.62996,0.060739
0.62975,0.06077
0.62955,0.060801
0.62935,0.060832
0.62914,0.060864
0.62894,0.060895
0.62873,0.060926
0.62853,0.060958
0.62833,0.060989
0.62812,0.06102
0.62792,0.061051
0.62772,0.061083
0.62751,0.061114
0.62731,0.061145
0.6271,0.061177
0.6269,0.061208
0.6267,0.061239
0.62649,0.06127
0.62629,0.061302
0.62609,0.061333
0.62588,0.061364
0.62568,0.061396
0.62548,0.061427
0.62527,0.061458
0.62507,0.06149
0.62486,0.061521
0.62466,0.061552
0.62446,0.061584
0.62425,0.061615
0.62405,0.061646
0.62385,0.061678
0.62364,0.061709
0.62344,0.06174
0.62323,0.061772
0.62303,0.061803
0.62283,0.061834
0.62262,0.061866
0.62242,0.061897
0.62222,0.061928
0.62201,0.06196
0.62181,0.061991
0.62161,0.062022
0.6214,0.062054
0.6212,0.062085
0.62099,0.062116
0.62079,0.062148
0.62059,0.062179
0.62038,0.06221
0.62018,0.062242
0.61998,0.062273
0.61977,0.062304
0.61957,0.062336
0.61936,0.062367
0.61916,0.062398
0.61896,0.06243
0.61875,0.062461
0.61855,0.062492
0.61835,0.062524
0.61814,0.062555
0.61794,0.062586
0.61774,0.062618
0.61753,0.062649
0.61733,0.06268
0.61712,0.062712
0.61692,0.062743
0.61672,0.062774
0.61651,0.062805
0.61631,0.062837
0.61611,0.062868
0.6159,0.062899
0.6157,0.062931
0.61549,0.062962
0.61529,0.062993
0.61509,0.063024
0.61488,0.063055
0.61468,0.063087
0.61448,0.063118
0.61427,0.063149
0.61407,0.06318
0.61386,0.063212
0.61366,0.063243
0.61346,0.063274
0.61325,0.063305
0.61305,0.063336
0.61285,0.063367
0.61264,0.063398
0.61244,0.06343
0.61224,0.063461
0.61203,0.063492
0.61183,0.063523
0.61162,0.063554
0.61142,0.063585
0.61122,0.063616
0.61101,0.063647
0.61081,0.063678
0.61061,0.063709
0.6104,0.06374
0.6102,0.063771
0.60999,0.063802
0.60979,0.063833
0.60959,0.063864
0.60938,0.063895
0.60918,0.063926
0.60898,0.063957
0.60877,0.063988
0.60857,0.064019
0.60836,0.064049
0.60816,0.06408
0.60796,0.064111
0.60775,0.064142
0.60755,0.064173
0.60735,0.064203
0.60714,0.064234
0.60694,0.064265
0.60673,0.064296
0.60653,0.064326
0.60633,0.064357
0.60612,0.064388
0.60592,0.064418
0.60572,0.064449
0.60551,0.06448
0.60531,0.06451
0.6051,0.064541
0.6049,0.064572
0.6047,0.064602
0.60449,0.064633
0.60429,0.064663
0.60408,0.064694
0.60388,0.064724
0.60368,0.064755
0.60347,0.064785
0.60327,0.064815
0.60307,0.064846
0.60286,0.064876
0.60266,0.064906
0.60245,0.064937
0.60225,0.064967
0.60205,0.064997
0.60184,0.065028
0.60164,0.065058
0.60144,0.065088
0.60123,0.065118
0.60103,0.065148
0.60082,0.065179
0.60062,0.065209
0.60042,0.065239
0.60021,0.065269
0.60001,0.065299
0.5998,0.065329
0.5996,0.065359
0.5994,0.065389
0.59919,0.065419
0.59899,0.065449
0.59878,0.065479
0.59858,0.065508
0.59838,0.065538
0.59817,0.065568
0.59797,0.065598
0.59776,0.065628
0.59756,0.065657
0.59736,0.065687
0.59715,0.065717
0.59695,0.065746
0.59675,0.065776
0.59654,0.065806
0.59634,0.065835
0.59613,0.065865
0.59593,0.065894
0.59573,0.065924
0.59552,0.065953
0.59532,0.065983
0.59511,0.066012
0.59491,0.066042
0.59471,0.066071
0.5945,0.066101
0.5943,0.06613
0.59409,0.066159
0.59389,0.066188
0.59369,0.066218
0.59348,0.066247
0.59328,0.066276
0.59307,0.066305
0.59287,0.066335
0.59267,0.066364
0.59246,0.066393
0.59226,0.066422
0.59205,0.066451
0.59185,0.06648
0.59165,0.066509
0.59144,0.066538
0.59124,0.066567
0.59103,0.066596
0.59083,0.066625
0.59063,0.066654
0.59042,0.066683
0.59022,0.066712
0.59001,0.066741
0.58981,0.066769
0.58961,0.066798
0.5894,0.066827
0.5892,0.066856
0.58899,0.066885
0.58879,0.066913
0.58858,0.066942
0.58838,0.066971
0.58818,0.066999
0.58797,0.067028
0.58777,0.067056
0.58756,0.067085
0.58736,0.067114
0.58716,0.067142
0.58695,0.067171
0.58675,0.067199
0.58654,0.067227
0.58634,0.067256
0.58614,0.067284
0.58593,0.067313
0.58573,0.067341
0.58552,0.067369
0.58532,0.067398
0.58512,0.067426
0.58491,0.067454
0.58471,0.067483
0.5845,0.067511
0.5843,0.067539
0.58409,0.067567
0.58389,0.067595
0.58369,0.067623
0.58348,0.067652
0.58328,0.06768
0.58307,0.067708
0.58287,0.067736
0.58267,0.067764
0.58246,0.067792
0.58226,0.06782
0.58205,0.067848
0.58185,0.067876
0.58164,0.067904
0.58144,0.067931
0.58124,0.067959
0.58103,0.067987
0.58083,0.068015
0.58062,0.068043
0.58042,0.068071
0.58022,0.068098
0.58001,0.068126
0.57981,0.068154
0.5796,0.068182
0.5794,0.068209
0.57919,0.068237
0.57899,0.068264
0.57879,0.068292
0.57858,0.06832
0.57838,0.068347
0.57817,0.068375
0.57797,0.068402
0.57776,0.06843
0.57756,0.068457
0.57736,0.068485
0.57715,0.068512
0.57695,0.06854
0.57674,0.068567
0.57654,0.068594
0.57634,0.068622
0.57613,0.068649
0.57593,0.068676
0.57572,0.068704
0.57552,0.068731
0.57531,0.068758
0.57511,0.068785
0.57491,0.068813
0.5747,0.06884
0.5745,0.068867
0.57429,0.068894
0.57409,0.068921
0.57388,0.068948
0.57368,0.068975
0.57348,0.069003
0.57327,0.06903
0.57307,0.069057
0.57286,0.069084
0.57266,0.069111
0.57245,0.069138
0.57225,0.069164
0.57204,0.069191
0.57184,0.069218
0.57164,0.069245
0.57143,0.069272
0.57123,0.069299
0.57102,0.069326
0.57082,0.069353
0.57061,0.069379
0.57041,0.069406
0.57021,0.069433
0.57,0.06946
0.5698,0.069486
0.56959,0.069513
0.56939,0.06954
0.56918,0.069566
0.56898,0.069593
0.56878,0.06962
0.56857,0.069646
0.56837,0.069673
0.56816,0.069699
0.56796,0.069726
0.56775,0.069752
0.56755,0.069779
0.56735,0.069805
0.56714,0.069832
0.56694,0.069858
0.56673,0.069885
0.56653,0.069911
0.56632,0.069938
0.56612,0.069964
0.56591,0.06999
0.56571,0.070017
0.56551,0.070043
0.5653,0.07007
0.5651,0.070096
0.56489,0.070122
0.56469,0.070148
0.56448,0.070175
0.56428,0.070201
0.56407,0.070227
0.56387,0.070253
0.56367,0.07028
0.56346,0.070306
0.56326,0.070332
0.56305,0.070358
0.56285,0.070384
0.56264,0.07041
0.56244,0.070436
0.56224,0.070463
0.56203,0.070489
0.56183,0.070515
0.56162,0.070541
0.56142,0.070567
0.56121,0.070593
0.56101,0.070619
0.5608,0.070645
0.5606,0.070671
0.5604,0.070697
0.56019,0.070723
0.55999,0.070749
0.55978,0.070775
0.55958,0.0708
0.55937,0.070826
0.55917,0.070852
0.55896,0.070878
0.55876,0.070904
0.55856,0.07093
0.55835,0.070956
0.55815,0.070981
0.55794,0.071007
0.55774,0.071033
0.55753,0.071059
0.55733,0.071085
0.55712,0.07111
0.55692,0.071136
0.55672,0.071162
0.55651,0.071187
0.55631,0.071213
0.5561,0.071239
0.5559,0.071264
0.55569,0.07129
0.55549,0.071316
0.55528,0.071341
0.55508,0.071367
0.55487,0.071393
0.55467,0.071418
0.55447,0.071444
0.55426,0.071469
0.55406,0.071495
0.55385,0.071521
0.55365,0.071546
0.55344,0.071572
0.55324,0.071597
0.55303,0.071623
0.55283,0.071648
0.55263,0.071674
0.55242,0.071699
0.55222,0.071725
0.55201,0.07175
0.55181,0.071775
0.5516,0.071801
0.5514,0.071826
0.55119,0.071852
0.55099,0.071877
0.55079,0.071903
0.55058,0.071928
0.55038,0.071953
0.55017,0.071979
0.54997,0.072004
0.54976,0.072029
0.54956,0.072055
0.54935,0.07208
0.54915,0.072105
0.54894,0.072131
0.54874,0.072156
0.54854,0.072181
0.54833,0.072207
0.54813,0.072232
0.54792,0.072257
0.54772,0.072282
0.54751,0.072308
0.54731,0.072333
0.5471,0.072358
0.5469,0.072383
0.54669,0.072408
0.54649,0.072434
0.54629,0.072459
0.54608,0.072484
0.54588,0.072509
0.54567,0.072534
0.54547,0.072559
0.54526,0.072585
0.54506,0.07261
0.54485,0.072635
0.54465,0.07266
0.54444,0.072685
0.54424,0.07271
0.54404,0.072735
0.54383,0.07276
0.54363,0.072785
0.54342,0.07281
0.54322,0.072835
0.54301,0.07286
0.54281,0.072885
0.5426,0.07291
0.5424,0.072935
0.54219,0.07296
0.54199,0.072985
0.54179,0.07301
0.54158,0.073035
0.54138,0.07306
0.54117,0.073084
0.54097,0.073109
0.54076,0.073134
0.54056,0.073159
0.54035,0.073184
0.54015,0.073209
0.53994,0.073233
0.53974,0.073258
0.53954,0.073283
0.53933,0.073308
0.53913,0.073332
0.53892,0.073357
0.53872,0.073382
0.53851,0.073407
0.53831,0.073431
0.5381,0.073456
0.5379,0.073481
0.53769,0.073505
0.53749,0.07353
0.53728,0.073554
0.53708,0.073579
0.53688,0.073604
0.53667,0.073628
0.53647,0.073653
0.53626,0.073677
0.53606,0.073702
0.53585,0.073726
0.53565,0.073751
0.53544,0.073775
0.53524,0.0738
0.53503,0.073824
0.53483,0.073848
0.53462,0.073873
0.53442,0.073897
0.53422,0.073922
0.53401,0.073946
0.53381,0.07397
0.5336,0.073995
0.5334,0.074019
0.53319,0.074043
0.53299,0.074067
0.53278,0.074092
0.53258,0.074116
0.53237,0.07414
0.53217,0.074164
0.53196,0.074188
0.53176,0.074213
0.53155,0.074237
0.53135,0.074261
0.53115,0.074285
0.53094,0.074309
0.53074,0.074333
0.53053,0.074357
0.53033,0.074381
0.53012,0.074405
0.52992,0.074429
0.52971,0.074453
0.52951,0.074477
0.5293,0.074501
0.5291,0.074525
0.52889,0.074549
0.52869,0.074573
0.52848,0.074597
0.52828,0.074621
0.52808,0.074644
0.52787,0.074668
0.52767,0.074692
0.52746,0.074716
0.52726,0.07474
0.52705,0.074763
0.52685,0.074787
0.52664,0.074811
0.52644,0.074834
0.52623,0.074858
0.52603,0.074882
0.52582,0.074905
0.52562,0.074929
0.52541,0.074952
0.52521,0.074976
0.525,0.074999
0.5248,0.075023
0.5246,0.075046
0.52439,0.07507
0.52419,0.075093
0.52398,0.075117
0.52378,0.07514
0.52357,0.075164
0.52337,0.075187
0.52316,0.07521
0.52296,0.075234
0.52275,0.075257
0.52255,0.07528
0.52234,0.075303
0.52214,0.075327
0.52193,0.07535
0.52173,0.075373
0.52152,0.075396
0.52132,0.075419
0.52111,0.075443
0.52091,0.075466
0.5207,0.075489
0.5205,0.075512
0.52029,0.075535
0.52009,0.075558
0.51989,0.075581
0.51968,0.075604
0.51948,0.075627
0.51927,0.07565
0.51907,0.075673
0.51886,0.075695
0.51866,0.075718
0.51845,0.075741
0.51825,0.075764
0.51804,0.075787
0.51784,0.07581
0.51763,0.075832
0.51743,0.075855
0.51722,0.075878
0.51702,0.0759
0.51681,0.075923
0.51661,0.075946
0.5164,0.075968
0.5162,0.075991
0.51599,0.076014
0.51579,0.076036
0.51558,0.076059
0.51538,0.076081
0.51517,0.076104
0.51497,0.076126
0.51476,0.076148
0.51456,0.076171
0.51436,0.076193
0.51415,0.076216
0.51395,0.076238
0.51374,0.07626
0.51354,0.076283
0.51333,0.076305
0.51313,0.076327
0.51292,0.076349
0.51272,0.076371
0.51251,0.076394
0.51231,0.076416
0.5121,0.076438
0.5119,0.07646
0.51169,0.076482
0.51149,0.076504
0.51128,0.076526
0.51108,0.076548
0.51087,0.07657
0.51067,0.076592
0.51046,0.076614
0.51026,0.076636
0.51005,0.076658
0.50985,0.07668
0.50964,0.076701
0.50944,0.076723
0.50923,0.076745
0.50903,0.076767
0.50882,0.076789
0.50862,0.07681
0.50841,0.076832
0.50821,0.076854
0.508,0.076875
0.5078,0.076897
0.50759,0.076918
0.50739,0.07694
0.50718,0.076962
0.50698,0.076983
0.50677,0.077005
0.50657,0.077026
0.50636,0.077047
0.50616,0.077069
0.50595,0.07709
0.50575,0.077112
0.50554,0.077133
0.50534,0.077154
0.50513,0.077176
0.50493,0.077197
0.50472,0.077218
0.50452,0.077239
0.50431,0.07726
0.50411,0.077282
0.5039,0.077303
0.5037,0.077324
0.50349,0.077345
0.50329,0.077366
0.50308,0.077387
0.50288,0.077408
0.50267,0.077429
0.50247,0.07745
0.50226,0.077471
0.50206,0.077492
0.50185,0.077513
0.50165,0.077533
0.50144,0.077554
0.50124,0.077575
0.50103,0.077596
0.50083,0.077616
0.50062,0.077637
0.50042,0.077658
0.50021,0.077679
0.50001,0.077699
0.4998,0.07772
0.4996,0.07774
0.49939,0.077761
0.49919,0.077781
0.49898,0.077802
0.49878,0.077822
0.49857,0.077843
0.49837,0.077863
0.49816,0.077884
0.49796,0.077904
0.49775,0.077924
0.49755,0.077945
0.49734,0.077965
0.49714,0.077985
0.49693,0.078005
0.49673,0.078025
0.49652,0.078046
0.49632,0.078066
0.49611,0.078086
0.49591,0.078106
0.4957,0.078126
0.4955,0.078146
0.49529,0.078166
0.49509,0.078186
0.49488,0.078206
0.49468,0.078226
0.49447,0.078246
0.49427,0.078266
0.49406,0.078285
0.49386,0.078305
0.49365,0.078325
0.49345,0.078345
0.49324,0.078365
0.49304,0.078384
0.49283,0.078404
0.49263,0.078424
0.49242,0.078443
0.49221,0.078463
0.49201,0.078482
0.4918,0.078502
0.4916,0.078521
0.49139,0.078541
0.49119,0.07856
0.49098,0.07858
0.49078,0.078599
0.49057,0.078618
0.49037,0.078638
0.49016,0.078657
0.48996,0.078676
0.48975,0.078695
0.48955,0.078715
0.48934,0.078734
0.48914,0.078753
0.48893,0.078772
0.48873,0.078791
0.48852,0.07881
0.48832,0.078829
0.48811,0.078848
0.48791,0.078867
0.4877,0.078886
0.4875,0.078905
0.48729,0.078924
0.48709,0.078943
0.48688,0.078962
0.48667,0.07898
0.48647,0.078999
0.48626,0.079018
0.48606,0.079037
0.48585,0.079055
0.48565,0.079074
0.48544,0.079093
0.48524,0.079111
0.48503,0.07913
0.48483,0.079148
0.48462,0.079167
0.48442,0.079185
0.48421,0.079204
0.48401,0.079222
0.4838,0.079241
0.4836,0.079259
0.48339,0.079277
0.48319,0.079296
0.48298,0.079314
0.48278,0.079332
0.48257,0.07935
0.48236,0.079368
0.48216,0.079387
0.48195,0.079405
0.48175,0.079423
0.48154,0.079441
0.48134,0.079459
0.48113,0.079477
0.48093,0.079495
0.48072,0.079513
0.48052,0.079531
0.48031,0.079548
0.48011,0.079566
0.4799,0.079584
0.4797,0.079602
0.47949,0.07962
0.47929,0.079637
0.47908,0.079655
0.47887,0.079673
0.47867,0.07969
0.47846,0.079708
0.47826,0.079725
0.47805,0.079743
0.47785,0.07976
0.47764,0.079778
0.47744,0.079795
0.47723,0.079813
0.47703,0.07983
0.47682,0.079848
0.47662,0.079865
0.47641,0.079882
0.47621,0.079899
0.476,0.079917
0.47579,0.079934
0.47559,0.079951
0.47538,0.079968
0.47518,0.079985
0.47497,0.080002
0.47477,0.080019
0.47456,0.080036
0.47436,0.080053
0.47415,0.08007
0.47395,0.080087
0.47374,0.080104
0.47354,0.080121
0.47333,0.080138
0.47312,0.080154
0.47292,0.080171
0.47271,0.080188
0.47251,0.080205
0.4723,0.080221
0.4721,0.080238
0.47189,0.080255
0.47169,0.080271
0.47148,0.080288
0.47128,0.080304
0.47107,0.080321
0.47087,0.080337
0.47066,0.080354
0.47045,0.08037
0.47025,0.080386
0.47004,0.080403
0.46984,0.080419
0.46963,0.080435
0.46943,0.080452
0.46922,0.080468
0.46902,0.080484
0.46881,0.0805
0.46861,0.080517
0.4684,0.080533
0.46819,0.080549
0.46799,0.080565
0.46778,0.080581
0.46758,0.080597
0.46737,0.080613
0.46717,0.080629
0.46696,0.080645
0.46676,0.080661
0.46655,0.080677
0.46635,0.080693
0.46614,0.080709
0.46593,0.080725
0.46573,0.08074
0.46552,0.080756
0.46532,0.080772
0.46511,0.080788
0.46491,0.080804
0.4647,0.080819
0.4645,0.080835
0.46429,0.080851
0.46409,0.080866
0.46388,0.080882
0.46367,0.080898
0.46347,0.080913
0.46326,0.080929
0.46306,0.080944
0.46285,0.08096
0.46265,0.080975
0.46244,0.080991
0.46224,0.081006
0.46203,0.081022
0.46182,0.081037
0.46162,0.081053
0.46141,0.081068
0.46121,0.081083
0.461,0.081099
0.4608,0.081114
0.46059,0.08113
0.46039,0.081145
0.46018,0.08116
0.45998,0.081175
0.45977,0.081191
0.45956,0.081206
0.45936,0.081221
0.45915,0.081236
0.45895,0.081252
0.45874,0.081267
0.45854,0.081282
0.45833,0.081297
0.45813,0.081312
0.45792,0.081327
0.45771,0.081342
0.45751,0.081357
0.4573,0.081373
0.4571,0.081388
0.45689,0.081403
0.45669,0.081418
0.45648,0.081433
0.45628,0.081448
0.45607,0.081463
0.45586,0.081478
0.45566,0.081493
0.45545,0.081508
0.45525,0.081522
0.45504,0.081537
0.45484,0.081552
0.45463,0.081567
0.45443,0.081582
0.45422,0.081597
0.45401,0.081612
0.45381,0.081627
0.4536,0.081641
0.4534,0.081656
0.45319,0.081671
0.45299,0.081686
0.45278,0.081701
0.45258,0.081716
0.45237,0.08173
0.45216,0.081745
0.45196,0.08176
0.45175,0.081775
0.45155,0.081789
0.45134,0.081804
0.45114,0.081819
0.45093,0.081833
0.45073,0.081848
0.45052,0.081863
0.45031,0.081878
0.45011,0.081892
0.4499,0.081907
0.4497,0.081922
0.44949,0.081936
0.44929,0.081951
0.44908,0.081965
0.44888,0.08198
0.44867,0.081995
0.44846,0.082009
0.44826,0.082024
0.44805,0.082038
0.44785,0.082053
0.44764,0.082068
0.44744,0.082082
0.44723,0.082097
0.44703,0.082111
0.44682,0.082126
0.44661,0.08214
0.44641,0.082155
0.4462,0.082169
0.446,0.082184
0.44579,0.082198
0.44559,0.082212
0.44538,0.082227
0.44518,0.082241
0.44497,0.082256
0.44476,0.08227
0.44456,0.082284
0.44435,0.082299
0.44415,0.082313
0.44394,0.082327
0.44374,0.082341
0.44353,0.082356
0.44333,0.08237
0.44312,0.082384
0.44291,0.082398
0.44271,0.082412
0.4425,0.082427
0.4423,0.082441
0.44209,0.082455
0.44189,0.082469
0.44168,0.082483
0.44148,0.082497
0.44127,0.082511
0.44106,0.082525
0.44086,0.082539
0.44065,0.082553
0.44045,0.082566
0.44024,0.08258
0.44004,0.082594
0.43983,0.082608
0.43962,0.082622
0.43942,0.082635
0.43921,0.082649
0.43901,0.082663
0.4388,0.082676
0.4386,0.08269
0.43839,0.082704
0.43819,0.082717
0.43798,0.082731
0.43777,0.082744
0.43757,0.082758
0.43736,0.082771
0.43716,0.082784
0.43695,0.082798
0.43675,0.082811
0.43654,0.082824
0.43633,0.082838
0.43613,0.082851
0.43592,0.082864
0.43572,0.082877
0.43551,0.08289
0.43531,0.082903
0.4351,0.082916
0.43489,0.082929
0.43469,0.082942
0.43448,0.082955
0.43428,0.082968
0.43407,0.082981
0.43387,0.082994
0.43366,0.083006
0.43346,0.083019
0.43325,0.083032
0.43304,0.083044
0.43284,0.083057
0.43263,0.083069
0.43243,0.083082
0.43222,0.083094
0.43202,0.083107
0.43181,0.083119
0.4316,0.083131
0.4314,0.083144
0.43119,0.083156
0.43099,0.083168
0.43078,0.08318
0.43058,0.083192
0.43037,0.083204
0.43016,0.083216
0.42996,0.083228
0.42975,0.08324
0.42955,0.083252
0.42934,0.083264
0.42914,0.083276
0.42893,0.083287
0.42872,0.083299
0.42852,0.08331
0.42831,0.083322
0.42811,0.083333
0.4279,0.083345
0.42769,0.083356
0.42749,0.083368
0.42728,0.083379
0.42708,0.08339
0.42687,0.083401
0.42667,0.083412
0.42646,0.083423
0.42625,0.083434
0.42605,0.083445
0.42584,0.083456
0.42564,0.083467
0.42543,0.083478
0.42523,0.083488
0.42502,0.083499
0.42481,0.08351
0.42461,0.08352
0.4244,0.083531
0.4242,0.083541
0.42399,0.083551
0.42378,0.083562
0.42358,0.083572
0.42337,0.083582
0.42317,0.083592
0.42296,0.083602
0.42276,0.083612
0.42255,0.083622
0.42234,0.083632
0.42214,0.083642
0.42193,0.083652
0.42173,0.083661
0.42152,0.083671
0.42131,0.083681
0.42111,0.08369
0.4209,0.0837
0.4207,0.083709
0.42049,0.083719
0.42029,0.083728
0.42008,0.083738
0.41987,0.083747
0.41967,0.083756
0.41946,0.083765
0.41926,0.083775
0.41905,0.083784
0.41884,0.083793
0.41864,0.083802
0.41843,0.083811
0.41823,0.08382
0.41802,0.083829
0.41781,0.083837
0.41761,0.083846
0.4174,0.083855
0.4172,0.083864
0.41699,0.083872
0.41679,0.083881
0.41658,0.08389
0.41637,0.083898
0.41617,0.083907
0.41596,0.083915
0.41576,0.083924
0.41555,0.083932
0.41534,0.083941
0.41514,0.083949
0.41493,0.083957
0.41473,0.083965
0.41452,0.083974
0.41431,0.083982
0.41411,0.08399
0.4139,0.083998
0.4137,0.084006
0.41349,0.084014
0.41328,0.084023
0.41308,0.084031
0.41287,0.084039
0.41267,0.084046
0.41246,0.084054
0.41226,0.084062
0.41205,0.08407
0.41184,0.084078
0.41164,0.084086
0.41143,0.084094
0.41123,0.084101
0.41102,0.084109
0.41081,0.084117
0.41061,0.084125
0.4104,0.084132
0.4102,0.08414
0.40999,0.084148
0.40978,0.084155
0.40958,0.084163
0.40937,0.08417
0.40917,0.084178
0.40896,0.084185
0.40875,0.084193
0.40855,0.0842
0.40834,0.084208
0.40814,0.084215
0.40793,0.084223
0.40772,0.08423
0.40752,0.084237
0.40731,0.084245
0.40711,0.084252
0.4069,0.084259
0.40669,0.084267
0.40649,0.084274
0.40628,0.084281
0.40608,0.084289
0.40587,0.084296
0.40567,0.084303
0.40546,0.08431
0.40525,0.084318
0.40505,0.084325
0.40484,0.084332
0.40464,0.084339
0.40443,0.084347
0.40422,0.084354
0.40402,0.084361
0.40381,0.084368
0.40361,0.084375
0.4034,0.084382
0.40319,0.08439
0.40299,0.084397
0.40278,0.084404
0.40258,0.084411
0.40237,0.084418
0.40216,0.084425
0.40196,0.084432
0.40175,0.084439
0.40155,0.084447
0.40134,0.084454
0.40113,0.084461
0.40093,0.084468
0.40072,0.084475
0.40052,0.084482
0.40031,0.084489
0.4001,0.084496
0.3999,0.084504
0.39969,0.084511
0.39949,0.084518
0.39928,0.084525
0.39907,0.084532
0.39887,0.084539
0.39866,0.084546
0.39846,0.084553
0.39825,0.084561
0.39804,0.084568
0.39784,0.084575
0.39763,0.084582
0.39743,0.084589
0.39722,0.084596
0.39701,0.084603
0.39681,0.08461
0.3966,0.084617
0.3964,0.084624
0.39619,0.084631
0.39599,0.084639
0.39578,0.084646
0.39557,0.084653
0.39537,0.08466
0.39516,0.084667
0.39496,0.084674
0.39475,0.084681
0.39454,0.084688
0.39434,0.084695
0.39413,0.084702
0.39393,0.084708
0.39372,0.084715
0.39351,0.084722
0.39331,0.084729
0.3931,0.084736
0.3929,0.084743
0.39269,0.08475
0.39248,0.084757
0.39228,0.084763
0.39207,0.08477
0.39187,0.084777
0.39166,0.084784
0.39145,0.08479
0.39125,0.084797
0.39104,0.084804
0.39084,0.08481
0.39063,0.084817
0.39042,0.084823
0.39022,0.08483
0.39001,0.084837
0.38981,0.084843
0.3896,0.08485
0.38939,0.084856
0.38919,0.084862
0.38898,0.084869
0.38878,0.084875
0.38857,0.084881
0.38836,0.084888
0.38816,0.084894
0.38795,0.0849
0.38775,0.084906
0.38754,0.084913
0.38733,0.084919
0.38713,0.084925
0.38692,0.084931
0.38672,0.084937
0.38651,0.084943
0.3863,0.084949
0.3861,0.084955
0.38589,0.084961
0.38569,0.084966
0.38548,0.084972
0.38527,0.084978
0.38507,0.084984
0.38486,0.084989
0.38466,0.084995
0.38445,0.085001
0.38424,0.085006
0.38404,0.085012
0.38383,0.085017
0.38363,0.085022
0.38342,0.085028
0.38321,0.085033
0.38301,0.085038
0.3828,0.085044
0.3826,0.085049
0.38239,0.085054
0.38218,0.085059
0.38198,0.085064
0.38177,0.085069
0.38157,0.085074
0.38136,0.085079
0.38115,0.085084
0.38095,0.085088
0.38074,0.085093
0.38054,0.085098
0.38033,0.085102
0.38012,0.085107
0.37992,0.085111
0.37971,0.085116
0.37951,0.08512
0.3793,0.085124
0.37909,0.085129
0.37889,0.085133
0.37868,0.085137
0.37848,0.085141
0.37827,0.085145
0.37806,0.085149
0.37786,0.085153
0.37765,0.085157
0.37745,0.08516
0.37724,0.085164
0.37703,0.085168
0.37683,0.085171
0.37662,0.085175
0.37642,0.085178
0.37621,0.085182
0.376,0.085185
0.3758,0.085188
0.37559,0.085191
0.37539,0.085194
0.37518,0.085197
0.37497,0.0852
0.37477,0.085203
0.37456,0.085206
0.37435,0.085209
0.37415,0.085211
0.37394,0.085214
0.37374,0.085217
0.37353,0.085219
0.37332,0.085221
0.37312,0.085224
0.37291,0.085226
0.37271,0.085228
0.3725,0.08523
0.37229,0.085232
0.37209,0.085235
0.37188,0.085236
0.37168,0.085238
0.37147,0.08524
0.37126,0.085242
0.37106,0.085244
0.37085,0.085245
0.37065,0.085247
0.37044,0.085249
0.37023,0.08525
0.37003,0.085252
0.36982,0.085253
0.36962,0.085255
0.36941,0.085256
0.3692,0.085257
0.369,0.085258
0.36879,0.08526
0.36858,0.085261
0.36838,0.085262
0.36817,0.085263
0.36797,0.085264
0.36776,0.085265
0.36755,0.085266
0.36735,0.085267
0.36714,0.085268
0.36694,0.085268
0.36673,0.085269
0.36652,0.08527
0.36632,0.085271
0.36611,0.085271
0.36591,0.085272
0.3657,0.085273
0.36549,0.085273
0.36529,0.085274
0.36508,0.085275
0.36488,0.085275
0.36467,0.085276
0.36446,0.085276
0.36426,0.085276
0.36405,0.085277
0.36385,0.085277
0.36364,0.085278
0.36343,0.085278
0.36323,0.085278
0.36302,0.085279
0.36281,0.085279
0.36261,0.085279
0.3624,0.085279
0.3622,0.08528
0.36199,0.08528
0.36178,0.08528
0.36158,0.08528
0.36137,0.085281
0.36117,0.085281
0.36096,0.085281
0.36075,0.085281
0.36055,0.085281
0.36034,0.085281
0.36014,0.085282
0.35993,0.085282
0.35972,0.085282
0.35952,0.085282
0.35931,0.085282
0.35911,0.085282
0.3589,0.085282
0.35869,0.085282
0.35849,0.085283
0.35828,0.085283
0.35807,0.085283
0.35787,0.085283
0.35766,0.085283
0.35746,0.085283
0.35725,0.085283
0.35704,0.085283
0.35684,0.085284
0.35663,0.085284
0.35643,0.085284
0.35622,0.085284
0.35601,0.085284
0.35581,0.085285
0.3556,0.085285
0.3554,0.085285
0.35519,0.085285
0.35498,0.085286
0.35478,0.085286
0.35457,0.085286
0.35437,0.085287
0.35416,0.085287
0.35395,0.085287
0.35375,0.085288
0.35354,0.085288
0.35334,0.085289
0.35313,0.085289
0.35292,0.08529
0.35272,0.08529
0.35251,0.085291
0.3523,0.085291
0.3521,0.085292
0.35189,0.085293
0.35169,0.085293
0.35148,0.085294
0.35127,0.085295
0.35107,0.085295
0.35086,0.085296
0.35066,0.085297
0.35045,0.085298
0.35024,0.085299
0.35004,0.0853
0.34983,0.085301
0.34963,0.085302
0.34942,0.085303
0.34921,0.085304
0.34901,0.085305
0.3488,0.085306
0.3486,0.085308
0.34839,0.085309
0.34818,0.08531
0.34798,0.085312
0.34777,0.085313
0.34756,0.085314
0.34736,0.085316
0.34715,0.085317
0.34695,0.085319
0.34674,0.08532
0.34653,0.085322
0.34633,0.085323
0.34612,0.085325
0.34592,0.085327
0.34571,0.085329
0.3455,0.08533
0.3453,0.085332
0.34509,0.085334
0.34489,0.085336
0.34468,0.085338
0.34447,0.085339
0.34427,0.085341
0.34406,0.085343
0.34386,0.085345
0.34365,0.085347
0.34344,0.085349
0.34324,0.085351
0.34303,0.085354
0.34283,0.085356
0.34262,0.085358
0.34241,0.08536
0.34221,0.085362
0.342,0.085364
0.3418,0.085367
0.34159,0.085369
0.34138,0.085371
0.34118,0.085374
0.34097,0.085376
0.34076,0.085378
0.34056,0.085381
0.34035,0.085383
0.34015,0.085386
0.33994,0.085388
0.33973,0.085391
0.33953,0.085393
0.33932,0.085396
0.33912,0.085398
0.33891,0.085401
0.3387,0.085403
0.3385,0.085406
0.33829,0.085409
0.33809,0.085411
0.33788,0.085414
0.33767,0.085417
0.33747,0.085419
0.33726,0.085422
0.33706,0.085425
0.33685,0.085427
0.33664,0.08543
0.33644,0.085433
0.33623,0.085436
0.33603,0.085439
0.33582,0.085441
0.33561,0.085444
0.33541,0.085447
0.3352,0.08545
0.33499,0.085453
0.33479,0.085456
0.33458,0.085459
0.33438,0.085462
0.33417,0.085464
0.33396,0.085467
0.33376,0.08547
0.33355,0.085473
0.33335,0.085476
0.33314,0.085479
0.33293,0.085482
0.33273,0.085485
0.33252,0.085488
0.33232,0.085491
0.33211,0.085494
0.3319,0.085497
0.3317,0.0855
0.33149,0.085503
0.33129,0.085506
0.33108,0.085509
0.33087,0.085512
0.33067,0.085516
0.33046,0.085519
0.33026,0.085522
0.33005,0.085525
0.32984,0.085528
0.32964,0.085531
0.32943,0.085534
0.32923,0.085537
0.32902,0.08554
0.32881,0.085543
0.32861,0.085546
0.3284,0.085549
0.3282,0.085552
0.32799,0.085556
0.32778,0.085559
0.32758,0.085562
0.32737,0.085565
0.32716,0.085568
0.32696,0.085571
0.32675,0.085574
0.32655,0.085577
0.32634,0.08558
0.32613,0.085583
0.32593,0.085586
0.32572,0.085589
0.32552,0.085592
0.32531,0.085595
0.3251,0.085598
0.3249,0.085601
0.32469,0.085605
0.32449,0.085608
0.32428,0.085611
0.32407,0.085614
0.32387,0.085617
0.32366,0.08562
0.32346,0.085623
0.32325,0.085626
0.32304,0.085629
0.32284,0.085632
0.32263,0.085634
0.32243,0.085637
0.32222,0.08564
0.32201,0.085643
0.32181,0.085646
0.3216,0.085649
0.3214,0.085652
0.32119,0.085655
0.32098,0.085658
0.32078,0.085661
0.32057,0.085664
0.32036,0.085667
0.32016,0.08567
0.31995,0.085672
0.31975,0.085675
0.31954,0.085678
0.31933,0.085681
0.31913,0.085684
0.31892,0.085687
0.31872,0.085689
0.31851,0.085692
0.3183,0.085695
0.3181,0.085698
0.31789,0.085701
0.31769,0.085703
0.31748,0.085706
0.31727,0.085709
0.31707,0.085712
0.31686,0.085714
0.31666,0.085717
0.31645,0.08572
0.31624,0.085723
0.31604,0.085725
0.31583,0.085728
0.31563,0.085731
0.31542,0.085733
0.31521,0.085736
0.31501,0.085739
0.3148,0.085741
0.3146,0.085744
0.31439,0.085747
0.31418,0.085749
0.31398,0.085752
0.31377,0.085754
0.31356,0.085757
0.31336,0.08576
0.31315,0.085762
0.31295,0.085765
0.31274,0.085767
0.31253,0.08577
0.31233,0.085772
0.31212,0.085775
0.31192,0.085777
0.31171,0.08578
0.3115,0.085782
0.3113,0.085785
0.31109,0.085787
0.31089,0.08579
0.31068,0.085792
0.31047,0.085795
0.31027,0.085797
0.31006,0.085799
0.30986,0.085802
0.30965,0.085804
0.30944,0.085806
0.30924,0.085809
0.30903,0.085811
0.30883,0.085813
0.30862,0.085816
0.30841,0.085818
0.30821,0.08582
0.308,0.085823
0.3078,0.085825
0.30759,0.085827
0.30738,0.085829
0.30718,0.085832
0.30697,0.085834
0.30676,0.085836
0.30656,0.085838
0.30635,0.08584
0.30615,0.085842
0.30594,0.085845
0.30573,0.085847
0.30553,0.085849
0.30532,0.085851
0.30512,0.085853
0.30491,0.085855
0.3047,0.085857
0.3045,0.085859
0.30429,0.085861
0.30409,0.085863
0.30388,0.085865
0.30367,0.085867
0.30347,0.085869
0.30326,0.085871
0.30306,0.085873
0.30285,0.085875
0.30264,0.085877
0.30244,0.085879
0.30223,0.085881
0.30203,0.085882
0.30182,0.085884
0.30161,0.085886
0.30141,0.085888
0.3012,0.08589
0.30099,0.085892
0.30079,0.085893
0.30058,0.085895
0.30038,0.085897
0.30017,0.085899
0.29996,0.0859
0.29976,0.085902
0.29955,0.085904
0.29935,0.085905
0.29914,0.085907
0.29893,0.085909
0.29873,0.08591
0.29852,0.085912
0.29832,0.085913
0.29811,0.085915
0.2979,0.085917
0.2977,0.085918
0.29749,0.08592
0.29729,0.085921
0.29708,0.085923
0.29687,0.085924
0.29667,0.085925
0.29646,0.085927
0.29626,0.085928
0.29605,0.08593
0.29584,0.085931
0.29564,0.085933
0.29543,0.085934
0.29522,0.085935
0.29502,0.085937
0.29481,0.085938
0.29461,0.085939
0.2944,0.08594
0.29419,0.085942
0.29399,0.085943
0.29378,0.085944
0.29358,0.085945
0.29337,0.085947
0.29316,0.085948
0.29296,0.085949
0.29275,0.08595
0.29255,0.085951
0.29234,0.085953
0.29213,0.085954
0.29193,0.085955
0.29172,0.085956
0.29152,0.085957
0.29131,0.085958
0.2911,0.085959
0.2909,0.08596
0.29069,0.085961
0.29049,0.085962
0.29028,0.085963
0.29007,0.085964
0.28987,0.085965
0.28966,0.085966
0.28945,0.085967
0.28925,0.085968
0.28904,0.085969
0.28884,0.08597
0.28863,0.085971
0.28842,0.085971
0.28822,0.085972
0.28801,0.085973
0.28781,0.085974
0.2876,0.085975
0.28739,0.085976
0.28719,0.085976
0.28698,0.085977
0.28678,0.085978
0.28657,0.085979
0.28636,0.085979
0.28616,0.08598
0.28595,0.085981
0.28575,0.085982
0.28554,0.085982
0.28533,0.085983
0.28513,0.085984
0.28492,0.085984
0.28471,0.085985
0.28451,0.085985
0.2843,0.085986
0.2841,0.085987
0.28389,0.085987
0.28368,0.085988
0.28348,0.085988
0.28327,0.085989
0.28307,0.085989
0.28286,0.08599
0.28265,0.08599
0.28245,0.085991
0.28224,0.085991
0.28204,0.085992
0.28183,0.085992
0.28162,0.085993
0.28142,0.085993
0.28121,0.085993
0.28101,0.085994
0.2808,0.085994
0.28059,0.085995
0.28039,0.085995
0.28018,0.085995
0.27998,0.085996
0.27977,0.085996
0.27956,0.085996
0.27936,0.085997
0.27915,0.085997
0.27894,0.085997
0.27874,0.085997
0.27853,0.085998
0.27833,0.085998
0.27812,0.085998
0.27791,0.085998
0.27771,0.085998
0.2775,0.085999
0.2773,0.085999
0.27709,0.085999
0.27688,0.085999
0.27668,0.085999
0.27647,0.085999
0.27627,0.086
0.27606,0.086
0.27585,0.086
0.27565,0.086
0.27544,0.086
0.27524,0.086
0.27503,0.086
0.27482,0.086
0.27462,0.086
0.27441,0.086
0.2742,0.086
0.274,0.086
0.27379,0.086
0.27359,0.086
0.27338,0.086
0.27317,0.086
0.27297,0.086
0.27276,0.086
0.27256,0.086
0.27235,0.086
0.27214,0.085999
0.27194,0.085999
0.27173,0.085999
0.27153,0.085999
0.27132,0.085999
0.27111,0.085999
0.27091,0.085998
0.2707,0.085998
0.2705,0.085998
0.27029,0.085998
0.27008,0.085998
0.26988,0.085997
0.26967,0.085997
0.26947,0.085997
0.26926,0.085996
0.26905,0.085996
0.26885,0.085996
0.26864,0.085995
0.26843,0.085995
0.26823,0.085995
0.26802,0.085994
0.26782,0.085994
0.26761,0.085994
0.2674,0.085993
0.2672,0.085993
0.26699,0.085992
0.26679,0.085992
0.26658,0.085991
0.26637,0.085991
0.26617,0.08599
0.26596,0.08599
0.26576,0.085989
0.26555,0.085989
0.26534,0.085988
0.26514,0.085988
0.26493,0.085987
0.26473,0.085986
0.26452,0.085986
0.26431,0.085985
0.26411,0.085985
0.2639,0.085984
0.2637,0.085983
0.26349,0.085982
0.26328,0.085982
0.26308,0.085981
0.26287,0.08598
0.26266,0.08598
0.26246,0.085979
0.26225,0.085978
0.26205,0.085977
0.26184,0.085976
0.26163,0.085975
0.26143,0.085975
0.26122,0.085974
0.26102,0.085973
0.26081,0.085972
0.2606,0.085971
0.2604,0.08597
0.26019,0.085969
0.25999,0.085968
0.25978,0.085967
0.25957,0.085966
0.25937,0.085965
0.25916,0.085964
0.25896,0.085963
0.25875,0.085962
0.25854,0.085961
0.25834,0.08596
0.25813,0.085959
0.25792,0.085958
0.25772,0.085956
0.25751,0.085955
0.25731,0.085954
0.2571,0.085953
0.25689,0.085952
0.25669,0.08595
0.25648,0.085949
0.25628,0.085948
0.25607,0.085947
0.25586,0.085945
0.25566,0.085944
0.25545,0.085943
0.25525,0.085941
0.25504,0.08594
0.25483,0.085938
0.25463,0.085937
0.25442,0.085936
0.25422,0.085934
0.25401,0.085933
0.2538,0.085931
0.2536,0.08593
0.25339,0.085928
0.25319,0.085926
0.25298,0.085925
0.25277,0.085923
0.25257,0.085922
0.25236,0.08592
0.25215,0.085918
0.25195,0.085917
0.25174,0.085915
0.25154,0.085913
0.25133,0.085912
0.25112,0.08591
0.25092,0.085908
0.25071,0.085906
0.25051,0.085905
0.2503,0.085903
0.25009,0.085901
0.24989,0.085899
0.24968,0.085897
0.24948,0.085895
0.24927,0.085893
0.24906,0.085891
0.24886,0.085889
0.24865,0.085887
0.24845,0.085885
0.24824,0.085883
0.24803,0.085881
0.24783,0.085879
0.24762,0.085877
0.24742,0.085875
0.24721,0.085873
0.247,0.085871
0.2468,0.085869
0.24659,0.085866
0.24638,0.085864
0.24618,0.085862
0.24597,0.08586
0.24577,0.085857
0.24556,0.085855
0.24535,0.085853
0.24515,0.08585
0.24494,0.085848
0.24474,0.085846
0.24453,0.085843
0.24432,0.085841
0.24412,0.085838
0.24391,0.085836
0.24371,0.085833
0.2435,0.085831
0.24329,0.085828
0.24309,0.085826
0.24288,0.085823
0.24268,0.08582
0.24247,0.085818
0.24226,0.085815
0.24206,0.085812
0.24185,0.08581
0.24165,0.085807
0.24144,0.085804
0.24123,0.085801
0.24103,0.085799
0.24082,0.085796
0.24062,0.085793
0.24041,0.08579
0.2402,0.085787
0.24,0.085784
0.23979,0.085781
0.23958,0.085778
0.23938,0.085775
0.23917,0.085772
0.23897,0.085769
0.23876,0.085766
0.23855,0.085763
0.23835,0.08576
0.23814,0.085757
0.23794,0.085753
0.23773,0.08575
0.23752,0.085747
0.23732,0.085744
0.23711,0.085741
0.23691,0.085737
0.2367,0.085734
0.23649,0.085731
0.23629,0.085727
0.23608,0.085724
0.23588,0.08572
0.23567,0.085717
0.23546,0.085713
0.23526,0.08571
0.23505,0.085706
0.23485,0.085703
0.23464,0.085699
0.23443,0.085696
0.23423,0.085692
0.23402,0.085688
0.23382,0.085685
0.23361,0.085681
0.2334,0.085677
0.2332,0.085673
0.23299,0.085669
0.23279,0.085666
0.23258,0.085662
0.23237,0.085658
0.23217,0.085654
0.23196,0.08565
0.23175,0.085646
0.23155,0.085642
0.23134,0.085638
0.23114,0.085634
0.23093,0.08563
0.23072,0.085626
0.23052,0.085622
0.23031,0.085618
0.23011,0.085613
0.2299,0.085609
0.22969,0.085605
0.22949,0.085601
0.22928,0.085596
0.22908,0.085592
0.22887,0.085588
0.22866,0.085583
0.22846,0.085579
0.22825,0.085574
0.22805,0.08557
0.22784,0.085565
0.22763,0.085561
0.22743,0.085556
0.22722,0.085552
0.22702,0.085547
0.22681,0.085542
0.2266,0.085538
0.2264,0.085533
0.22619,0.085528
0.22599,0.085523
0.22578,0.085518
0.22557,0.085514
0.22537,0.085509
0.22516,0.085504
0.22496,0.085499
0.22475,0.085494
0.22454,0.085489
0.22434,0.085484
0.22413,0.085479
0.22393,0.085474
0.22372,0.085469
0.22351,0.085464
0.22331,0.085458
0.2231,0.085453
0.2229,0.085448
0.22269,0.085443
0.22248,0.085437
0.22228,0.085432
0.22207,0.085427
0.22187,0.085421
0.22166,0.085416
0.22145,0.08541
0.22125,0.085405
0.22104,0.085399
0.22084,0.085394
0.22063,0.085388
0.22042,0.085383
0.22022,0.085377
0.22001,0.085372
0.21981,0.085366
0.2196,0.08536
0.21939,0.085354
0.21919,0.085349
0.21898,0.085343
0.21878,0.085337
0.21857,0.085331
0.21836,0.085325
0.21816,0.085319
0.21795,0.085314
0.21775,0.085308
0.21754,0.085302
0.21733,0.085296
0.21713,0.08529
0.21692,0.085284
0.21672,0.085277
0.21651,0.085271
0.2163,0.085265
0.2161,0.085259
0.21589,0.085253
0.21569,0.085247
0.21548,0.08524
0.21527,0.085234
0.21507,0.085228
0.21486,0.085221
0.21466,0.085215
0.21445,0.085209
0.21424,0.085202
0.21404,0.085196
0.21383,0.085189
0.21363,0.085183
0.21342,0.085176
0.21321,0.08517
0.21301,0.085163
0.2128,0.085157
0.2126,0.08515
0.21239,0.085143
0.21218,0.085137
0.21198,0.08513
0.21177,0.085123
0.21157,0.085117
0.21136,0.08511
0.21115,0.085103
0.21095,0.085096
0.21074,0.085089
0.21054,0.085082
0.21033,0.085076
0.21012,0.085069
0.20992,0.085062
0.20971,0.085055
0.20951,0.085048
0.2093,0.085041
0.20909,0.085034
0.20889,0.085027
0.20868,0.085019
0.20848,0.085012
0.20827,0.085005
0.20807,0.084998
0.20786,0.084991
0.20765,0.084984
0.20745,0.084976
0.20724,0.084969
0.20704,0.084962
0.20683,0.084955
0.20662,0.084947
0.20642,0.08494
0.20621,0.084933
0.20601,0.084925
0.2058,0.084918
0.20559,0.08491
0.20539,0.084903
0.20518,0.084895
0.20498,0.084888
0.20477,0.08488
0.20456,0.084873
0.20436,0.084865
0.20415,0.084858
0.20395,0.08485
0.20374,0.084842
0.20353,0.084835
0.20333,0.084827
0.20312,0.084819
0.20292,0.084812
0.20271,0.084804
0.2025,0.084796
0.2023,0.084788
0.20209,0.084781
0.20189,0.084773
0.20168,0.084765
0.20147,0.084757
0.20127,0.084749
0.20106,0.084741
0.20086,0.084733
0.20065,0.084725
0.20045,0.084717
0.20024,0.084709
0.20003,0.084701
0.19983,0.084693
0.19962,0.084685
0.19942,0.084677
0.19921,0.084669
0.199,0.084661
0.1988,0.084653
0.19859,0.084645
0.19839,0.084636
0.19818,0.084628
0.19797,0.08462
0.19777,0.084612
0.19756,0.084603
0.19736,0.084595
0.19715,0.084587
0.19694,0.084578
0.19674,0.08457
0.19653,0.084562
0.19633,0.084553
0.19612,0.084545
0.19592,0.084536
0.19571,0.084528
0.1955,0.084519
0.1953,0.084511
0.19509,0.084502
0.19489,0.084494
0.19468,0.084485
0.19447,0.084476
0.19427,0.084468
0.19406,0.084459
0.19386,0.08445
0.19365,0.084442
0.19344,0.084433
0.19324,0.084424
0.19303,0.084415
0.19283,0.084406
0.19262,0.084397
0.19241,0.084388
0.19221,0.084379
0.192,0.08437
0.1918,0.084361
0.19159,0.084352
0.19139,0.084343
0.19118,0.084334
0.19097,0.084325
0.19077,0.084316
0.19056,0.084307
0.19036,0.084297
0.19015,0.084288
0.18994,0.084279
0.18974,0.084269
0.18953,0.08426
0.18933,0.084251
0.18912,0.084241
0.18892,0.084232
0.18871,0.084222
0.1885,0.084213
0.1883,0.084203
0.18809,0.084194
0.18789,0.084184
0.18768,0.084174
0.18747,0.084165
0.18727,0.084155
0.18706,0.084145
0.18686,0.084135
0.18665,0.084125
0.18645,0.084115
0.18624,0.084106
0.18603,0.084096
0.18583,0.084086
0.18562,0.084076
0.18542,0.084065
0.18521,0.084055
0.185,0.084045
0.1848,0.084035
0.18459,0.084025
0.18439,0.084014
0.18418,0.084004
0.18398,0.083994
0.18377,0.083983
0.18356,0.083973
0.18336,0.083963
0.18315,0.083952
0.18295,0.083941
0.18274,0.083931
0.18253,0.08392
0.18233,0.08391
0.18212,0.083899
0.18192,0.083888
0.18171,0.083877
0.18151,0.083866
0.1813,0.083856
0.18109,0.083845
0.18089,0.083834
0.18068,0.083823
0.18048,0.083812
0.18027,0.0838
0.18007,0.083789
0.17986,0.083778
0.17965,0.083767
0.17945,0.083756
0.17924,0.083744
0.17904,0.083733
0.17883,0.083721
0.17862,0.08371
0.17842,0.083698
0.17821,0.083687
0.17801,0.083675
0.1778,0.083664
0.1776,0.083652
0.17739,0.08364
0.17718,0.083628
0.17698,0.083616
0.17677,0.083605
0.17657,0.083593
0.17636,0.083581
0.17616,0.083569
0.17595,0.083556
0.17574,0.083544
0.17554,0.083532
0.17533,0.08352
0.17513,0.083508
0.17492,0.083495
0.17472,0.083483
0.17451,0.08347
0.1743,0.083458
0.1741,0.083445
0.17389,0.083433
0.17369,0.08342
0.17348,0.083407
0.17328,0.083395
0.17307,0.083382
0.17286,0.083369
0.17266,0.083356
0.17245,0.083343
0.17225,0.08333
0.17204,0.083317
0.17184,0.083304
0.17163,0.083291
0.17142,0.083278
0.17122,0.083264
0.17101,0.083251
0.17081,0.083238
0.1706,0.083224
0.1704,0.083211
0.17019,0.083197
0.16999,0.083184
0.16978,0.08317
0.16957,0.083156
0.16937,0.083143
0.16916,0.083129
0.16896,0.083115
0.16875,0.083101
0.16855,0.083087
0.16834,0.083073
0.16813,0.083059
0.16793,0.083045
0.16772,0.083031
0.16752,0.083016
0.16731,0.083002
0.16711,0.082988
0.1669,0.082973
0.1667,0.082959
0.16649,0.082945
0.16628,0.08293
0.16608,0.082915
0.16587,0.082901
0.16567,0.082886
0.16546,0.082871
0.16526,0.082856
0.16505,0.082842
0.16485,0.082827
0.16464,0.082812
0.16443,0.082797
0.16423,0.082782
0.16402,0.082766
0.16382,0.082751
0.16361,0.082736
0.16341,0.082721
0.1632,0.082705
0.163,0.08269
0.16279,0.082674
0.16259,0.082659
0.16238,0.082643
0.16217,0.082628
0.16197,0.082612
0.16176,0.082596
0.16156,0.082581
0.16135,0.082565
0.16115,0.082549
0.16094,0.082533
0.16074,0.082517
0.16053,0.082501
0.16033,0.082485
0.16012,0.082468
0.15991,0.082452
0.15971,0.082436
0.1595,0.08242
0.1593,0.082403
0.15909,0.082387
0.15889,0.08237
0.15868,0.082354
0.15848,0.082337
0.15827,0.08232
0.15807,0.082303
0.15786,0.082287
0.15765,0.08227
0.15745,0.082253
0.15724,0.082236
0.15704,0.082219
0.15683,0.082202
0.15663,0.082185
0.15642,0.082167
0.15622,0.08215
0.15601,0.082133
0.15581,0.082115
0.1556,0.082098
0.1554,0.082081
0.15519,0.082063
0.15499,0.082045
0.15478,0.082028
0.15457,0.08201
0.15437,0.081992
0.15416,0.081974
0.15396,0.081957
0.15375,0.081939
0.15355,0.081921
0.15334,0.081902
0.15314,0.081884
0.15293,0.081866
0.15273,0.081848
0.15252,0.08183
0.15232,0.081811
0.15211,0.081793
0.15191,0.081774
0.1517,0.081756
0.1515,0.081737
0.15129,0.081719
0.15108,0.0817
0.15088,0.081681
0.15067,0.081662
0.15047,0.081643
0.15026,0.081624
0.15006,0.081605
0.14985,0.081586
0.14965,0.081567
0.14944,0.081548
0.14924,0.081529
0.14903,0.08151
0.14883,0.08149
0.14862,0.081471
0.14842,0.081451
0.14821,0.081432
0.14801,0.081412
0.1478,0.081392
0.1476,0.081373
0.14739,0.081353
0.14719,0.081333
0.14698,0.081313
0.14678,0.081293
0.14657,0.081273
0.14637,0.081253
0.14616,0.081233
0.14596,0.081213
0.14575,0.081192
0.14555,0.081172
0.14534,0.081152
0.14514,0.081131
0.14493,0.081111
0.14473,0.08109
0.14452,0.08107
0.14432,0.081049
0.14411,0.081028
0.14391,0.081007
0.1437,0.080986
0.1435,0.080965
0.14329,0.080944
0.14309,0.080923
0.14288,0.080902
0.14268,0.080881
0.14247,0.08086
0.14227,0.080838
0.14206,0.080817
0.14186,0.080796
0.14165,0.080774
0.14145,0.080752
0.14124,0.080731
0.14104,0.080709
0.14083,0.080687
0.14063,0.080665
0.14042,0.080644
0.14022,0.080622
0.14001,0.0806
0.13981,0.080577
0.1396,0.080555
0.1394,0.080533
0.13919,0.080511
0.13899,0.080488
0.13878,0.080466
0.13858,0.080443
0.13837,0.080421
0.13817,0.080398
0.13796,0.080376
0.13776,0.080353
0.13755,0.08033
0.13735,0.080307
0.13714,0.080284
0.13694,0.080261
0.13673,0.080238
0.13653,0.080215
0.13632,0.080192
0.13612,0.080168
0.13591,0.080145
0.13571,0.080122
0.13551,0.080098
0.1353,0.080075
0.1351,0.080051
0.13489,0.080027
0.13469,0.080004
0.13448,0.07998
0.13428,0.079956
0.13407,0.079932
0.13387,0.079908
0.13366,0.079884
0.13346,0.07986
0.13325,0.079836
0.13305,0.079811
0.13284,0.079787
0.13264,0.079763
0.13244,0.079738
0.13223,0.079713
0.13203,0.079689
0.13182,0.079664
0.13162,0.079639
0.13141,0.079615
0.13121,0.07959
0.131,0.079565
0.1308,0.07954
0.13059,0.079514
0.13039,0.079489
0.13019,0.079464
0.12998,0.079439
0.12978,0.079413
0.12957,0.079388
0.12937,0.079362
0.12916,0.079337
0.12896,0.079311
0.12875,0.079285
0.12855,0.07926
0.12834,0.079234
0.12814,0.079208
0.12794,0.079182
0.12773,0.079156
0.12753,0.079129
0.12732,0.079103
0.12712,0.079077
0.12691,0.07905
0.12671,0.079024
0.1265,0.078998
0.1263,0.078971
0.1261,0.078944
0.12589,0.078918
0.12569,0.078891
0.12548,0.078864
0.12528,0.078837
0.12507,0.07881
0.12487,0.078783
0.12467,0.078756
0.12446,0.078728
0.12426,0.078701
0.12405,0.078674
0.12385,0.078646
0.12365,0.078619
0.12344,0.078591
0.12324,0.078563
0.12303,0.078536
0.12283,0.078508
0.12262,0.07848
0.12242,0.078452
0.12222,0.078424
0.12201,0.078396
0.12181,0.078368
0.1216,0.078339
0.1214,0.078311
0.1212,0.078282
0.12099,0.078254
0.12079,0.078225
0.12058,0.078197
0.12038,0.078168
0.12017,0.078139
0.11997,0.07811
0.11977,0.078081
0.11956,0.078052
0.11936,0.078023
0.11915,0.077993
0.11895,0.077964
0.11875,0.077934
0.11854,0.077905
0.11834,0.077875
0.11813,0.077846
0.11793,0.077816
0.11773,0.077786
0.11752,0.077756
0.11732,0.077726
0.11712,0.077696
0.11691,0.077666
0.11671,0.077635
0.1165,0.077605
0.1163,0.077574
0.1161,0.077544
0.11589,0.077513
0.11569,0.077482
0.11549,0.077451
0.11528,0.077421
0.11508,0.077389
0.11487,0.077358
0.11467,0.077327
0.11447,0.077296
0.11426,0.077264
0.11406,0.077233
0.11386,0.077201
0.11365,0.07717
0.11345,0.077138
0.11324,0.077106
0.11304,0.077074
0.11284,0.077042
0.11263,0.07701
0.11243,0.076977
0.11223,0.076945
0.11202,0.076913
0.11182,0.07688
0.11162,0.076847
0.11141,0.076815
0.11121,0.076782
0.11101,0.076749
0.1108,0.076716
0.1106,0.076682
0.1104,0.076649
0.11019,0.076616
0.10999,0.076582
0.10979,0.076549
0.10958,0.076515
0.10938,0.076481
0.10918,0.076447
0.10897,0.076413
0.10877,0.076379
0.10857,0.076345
0.10836,0.076311
0.10816,0.076276
0.10796,0.076242
0.10775,0.076207
0.10755,0.076173
0.10735,0.076138
0.10714,0.076103
0.10694,0.076068
0.10674,0.076033
0.10654,0.075997
0.10633,0.075962
0.10613,0.075927
0.10593,0.075891
0.10572,0.075855
0.10552,0.075819
0.10532,0.075784
0.10511,0.075747
0.10491,0.075711
0.10471,0.075675
0.10451,0.075639
0.1043,0.075602
0.1041,0.075566
0.1039,0.075529
0.10369,0.075492
0.10349,0.075455
0.10329,0.075418
0.10309,0.075381
0.10288,0.075344
0.10268,0.075306
0.10248,0.075269
0.10228,0.075231
0.10207,0.075193
0.10187,0.075155
0.10167,0.075118
0.10147,0.075079
0.10126,0.075041
0.10106,0.075003
0.10086,0.074964
0.10066,0.074926
0.10045,0.074887
0.10025,0.074848
0.10005,0.074809
0.099846,0.07477
0.099644,0.074731
0.099441,0.074692
0.099239,0.074652
0.099037,0.074613
0.098835,0.074573
0.098633,0.074533
0.09843,0.074493
0.098228,0.074453
0.098026,0.074413
0.097824,0.074373
0.097622,0.074332
0.09742,0.074292
0.097218,0.074251
0.097016,0.07421
0.096814,0.074169
0.096612,0.074128
0.09641,0.074087
0.096208,0.074046
0.096006,0.074004
0.095805,0.073963
0.095603,0.073921
0.095401,0.073879
0.095199,0.073837
0.094998,0.073795
0.094796,0.073752
0.094594,0.07371
0.094393,0.073667
0.094191,0.073624
0.093989,0.073581
0.093788,0.073538
0.093586,0.073495
0.093385,0.073452
0.093184,0.073408
0.092982,0.073365
0.092781,0.073321
0.092579,0.073277
0.092378,0.073233
0.092177,0.073189
0.091976,0.073144
0.091774,0.0731
0.091573,0.073055
0.091372,0.07301
0.091171,0.072965
0.09097,0.07292
0.090769,0.072875
0.090568,0.072829
0.090367,0.072784
0.090166,0.072738
0.089965,0.072692
0.089764,0.072646
0.089563,0.0726
0.089362,0.072553
0.089162,0.072507
0.088961,0.07246
0.08876,0.072413
0.08856,0.072366
0.088359,0.072319
0.088159,0.072271
0.087958,0.072224
0.087758,0.072176
0.087557,0.072128
0.087357,0.07208
0.087156,0.072032
0.086956,0.071984
0.086756,0.071935
0.086555,0.071887
0.086355,0.071838
0.086155,0.071789
0.085955,0.07174
0.085755,0.07169
0.085555,0.071641
0.085355,0.071591
0.085155,0.071542
0.084955,0.071492
0.084755,0.071442
0.084555,0.071391
0.084355,0.071341
0.084156,0.07129
0.083956,0.07124
0.083756,0.071189
0.083556,0.071138
0.083357,0.071087
0.083157,0.071035
0.082958,0.070984
0.082758,0.070932
0.082559,0.07088
0.082359,0.070828
0.08216,0.070776
0.081961,0.070724
0.081761,0.070671
0.081562,0.070619
0.081363,0.070566
0.081164,0.070513
0.080964,0.07046
0.080765,0.070406
0.080567,0.070353
0.080368,0.070299
0.080169,0.070246
0.07997,0.070192
0.079771,0.070138
0.079572,0.070083
0.079373,0.070029
0.079174,0.069974
0.078976,0.06992
0.078777,0.069865
0.078579,0.06981
0.07838,0.069755
0.078182,0.0697
0.077983,0.069644
0.077785,0.069588
0.077586,0.069533
0.077388,0.069477
0.077189,0.069421
0.076991,0.069365
0.076793,0.069308
0.076595,0.069252
0.076397,0.069195
0.076199,0.069139
0.076001,0.069082
0.075802,0.069025
0.075604,0.068968
0.075406,0.068911
0.075208,0.068853
0.07501,0.068796
0.074812,0.068738
0.074615,0.06868
0.074417,0.068623
0.074219,0.068565
0.074022,0.068507
0.073824,0.068448
0.073626,0.06839
0.073429,0.068332
0.073231,0.068273
0.073033,0.068214
0.072836,0.068156
0.072638,0.068097
0.072441,0.068038
0.072243,0.067979
0.072046,0.06792
0.071849,0.06786
0.071651,0.067801
0.071454,0.067742
0.071257,0.067682
0.07106,0.067622
0.070862,0.067563
0.070665,0.067503
0.070468,0.067443
0.070271,0.067383
0.070074,0.067322
0.069877,0.067262
0.069679,0.067202
0.069482,0.067142
0.069286,0.067081
0.069089,0.06702
0.068892,0.06696
0.068695,0.066899
0.068498,0.066838
0.068301,0.066777
0.068104,0.066715
0.067908,0.066654
0.067711,0.066593
0.067514,0.066531
0.067318,0.066469
0.067121,0.066407
0.066925,0.066345
0.066728,0.066283
0.066532,0.06622
0.066335,0.066158
0.066139,0.066095
0.065943,0.066032
0.065747,0.065969
0.065551,0.065905
0.065355,0.065842
0.065159,0.065778
0.064963,0.065714
0.064767,0.06565
0.064571,0.065585
0.064376,0.065521
0.06418,0.065456
0.063984,0.065391
0.063789,0.065325
0.063594,0.06526
0.063398,0.065194
0.063203,0.065128
0.063008,0.065062
0.062813,0.064995
0.062618,0.064928
0.062423,0.064861
0.062228,0.064794
0.062034,0.064726
0.061839,0.064658
0.061645,0.06459
0.06145,0.064522
0.061256,0.064453
0.061062,0.064384
0.060868,0.064314
0.060674,0.064245
0.06048,0.064175
0.060286,0.064105
0.060093,0.064034
0.059899,0.063963
0.059706,0.063892
0.059513,0.06382
0.05932,0.063748
0.059126,0.063676
0.058934,0.063604
0.058741,0.063531
0.058548,0.063458
0.058356,0.063385
0.058163,0.063311
0.057971,0.063237
0.057778,0.063163
0.057586,0.063088
0.057394,0.063013
0.057202,0.062938
0.057011,0.062863
0.056819,0.062787
0.056627,0.062711
0.056436,0.062635
0.056245,0.062558
0.056053,0.062481
0.055862,0.062404
0.055671,0.062327
0.05548,0.062249
0.05529,0.062172
0.055099,0.062094
0.054908,0.062015
0.054718,0.061937
0.054527,0.061858
0.054337,0.061779
0.054147,0.061699
0.053957,0.06162
0.053767,0.06154
0.053577,0.06146
0.053387,0.061379
0.053198,0.061299
0.053008,0.061218
0.052818,0.061137
0.052629,0.061056
0.05244,0.060974
0.052251,0.060892
0.052062,0.06081
0.051873,0.060728
0.051684,0.060646
0.051495,0.060563
0.051306,0.06048
0.051118,0.060397
0.050929,0.060314
0.050741,0.060231
0.050552,0.060147
0.050364,0.060063
0.050176,0.059979
0.049988,0.059895
0.0498,0.05981
0.049612,0.059725
0.049424,0.05964
0.049237,0.059555
0.049049,0.05947
0.048862,0.059385
0.048674,0.059299
0.048487,0.059213
0.0483,0.059127
0.048112,0.05904
0.047925,0.058954
0.047739,0.058867
0.047552,0.05878
0.047365,0.058693
0.047178,0.058605
0.046992,0.058517
0.046806,0.058429
0.046619,0.058341
0.046433,0.058253
0.046247,0.058164
0.046061,0.058075
0.045875,0.057986
0.04569,0.057897
0.045504,0.057807
0.045319,0.057717
0.045133,0.057627
0.044948,0.057537
0.044763,0.057446
0.044578,0.057355
0.044393,0.057264
0.044209,0.057173
0.044024,0.057081
0.04384,0.05699
0.043655,0.056897
0.043471,0.056805
0.043287,0.056712
0.043103,0.05662
0.042919,0.056526
0.042736,0.056433
0.042552,0.056339
0.042368,0.056245
0.042185,0.056151
0.042002,0.056056
0.041819,0.055962
0.041636,0.055867
0.041454,0.055771
0.041271,0.055676
0.041089,0.05558
0.040906,0.055484
0.040724,0.055387
0.040542,0.05529
0.04036,0.055193
0.040179,0.055096
0.039997,0.054999
0.039816,0.054901
0.039635,0.054803
0.039454,0.054704
0.039273,0.054605
0.039092,0.054506
0.038911,0.054407
0.038731,0.054307
0.038551,0.054207
0.038371,0.054107
0.038191,0.054007
0.038011,0.053906
0.037832,0.053805
0.037652,0.053703
0.037473,0.053601
0.037294,0.053499
0.037115,0.053396
0.036937,0.053294
0.036759,0.05319
0.03658,0.053087
0.036402,0.052983
0.036224,0.052879
0.036047,0.052774
0.035869,0.052669
0.035692,0.052564
0.035515,0.052459
0.035339,0.052353
0.035162,0.052246
0.034986,0.05214
0.03481,0.052033
0.034634,0.051925
0.034458,0.051818
0.034283,0.051709
0.034108,0.051601
0.033932,0.051492
0.033758,0.051383
0.033583,0.051273
0.033409,0.051163
0.033235,0.051053
0.033061,0.050942
0.032888,0.050831
0.032714,0.05072
0.032541,0.050608
0.032368,0.050496
0.032196,0.050383
0.032023,0.05027
0.031851,0.050156
0.03168,0.050043
0.031508,0.049929
0.031337,0.049814
0.031166,0.049699
0.030995,0.049584
0.030824,0.049468
0.030654,0.049352
0.030484,0.049235
0.030314,0.049118
0.030145,0.049001
0.029976,0.048883
0.029807,0.048765
0.029638,0.048647
0.02947,0.048528
0.029302,0.048408
0.029134,0.048289
0.028967,0.048169
0.0288,0.048048
0.028633,0.047927
0.028466,0.047806
0.0283,0.047684
0.028134,0.047562
0.027968,0.04744
0.027802,0.047317
0.027637,0.047194
0.027472,0.04707
0.027308,0.046946
0.027143,0.046822
0.026979,0.046697
0.026816,0.046572
0.026652,0.046447
0.026489,0.046321
0.026326,0.046195
0.026163,0.046068
0.026001,0.045941
0.025839,0.045814
0.025677,0.045686
0.025516,0.045558
0.025355,0.04543
0.025194,0.045301
0.025033,0.045171
0.024873,0.045042
0.024713,0.044912
0.024553,0.044781
0.024394,0.044651
0.024235,0.04452
0.024076,0.044388
0.023918,0.044257
0.02376,0.044125
0.023602,0.043992
0.023444,0.043859
0.023287,0.043726
0.02313,0.043593
0.022973,0.043459
0.022817,0.043325
0.022661,0.04319
0.022505,0.043055
0.02235,0.04292
0.022195,0.042784
0.02204,0.042648
0.021885,0.042512
0.021731,0.042375
0.021577,0.042238
0.021423,0.042101
0.02127,0.041963
0.021117,0.041825
0.020964,0.041687
0.020812,0.041548
0.020659,0.041409
0.020508,0.04127
0.020356,0.041131
0.020205,0.04099
0.020054,0.04085
0.019903,0.04071
0.019753,0.040569
0.019603,0.040427
0.019453,0.040286
0.019304,0.040144
0.019155,0.040002
0.019006,0.039859
0.018858,0.039716
0.01871,0.039572
0.018562,0.039429
0.018415,0.039284
0.018268,0.03914
0.018121,0.038995
0.017975,0.03885
0.017829,0.038704
0.017684,0.038558
0.017539,0.038412
0.017394,0.038265
0.01725,0.038117
0.017107,0.03797
0.016963,0.037822
0.01682,0.037673
0.016678,0.037524
0.016536,0.037375
0.016395,0.037225
0.016253,0.037075
0.016113,0.036924
0.015973,0.036773
0.015833,0.036622
0.015694,0.03647
0.015555,0.036317
0.015416,0.036164
0.015279,0.036011
0.015141,0.035858
0.015004,0.035704
0.014868,0.035549
0.014732,0.035394
0.014596,0.035239
0.014462,0.035083
0.014327,0.034927
0.014193,0.034771
0.01406,0.034614
0.013927,0.034456
0.013794,0.034298
0.013662,0.03414
0.013531,0.033981
0.0134,0.033822
0.013269,0.033663
0.013139,0.033503
0.01301,0.033342
0.012881,0.033182
0.012752,0.033021
0.012624,0.032859
0.012497,0.032697
0.01237,0.032535
0.012244,0.032372
0.012118,0.032209
0.011992,0.032046
0.011867,0.031882
0.011743,0.031717
0.011619,0.031553
0.011495,0.031388
0.011373,0.031222
0.01125,0.031056
0.011128,0.03089
0.011007,0.030724
0.010886,0.030557
0.010766,0.030389
0.010646,0.030222
0.010526,0.030054
0.010408,0.029885
0.010289,0.029717
0.010171,0.029548
0.010054,0.029378
0.0099372,0.029209
0.0098208,0.029039
0.0097049,0.028868
0.0095896,0.028697
0.0094748,0.028526
0.0093605,0.028355
0.0092468,0.028183
0.0091338,0.02801
0.0090213,0.027838
0.0089094,0.027665
0.0087981,0.027491
0.0086874,0.027317
0.0085774,0.027143
0.0084679,0.026969
0.0083593,0.026794
0.0082511,0.026618
0.0081437,0.026442
0.0080368,0.026266
0.0079305,0.026089
0.0078251,0.025912
0.0077202,0.025735
0.0076161,0.025557
0.0075126,0.025379
0.0074098,0.0252
0.0073077,0.025021
0.0072062,0.024842
0.0071054,0.024662
0.0070053,0.024482
0.0069058,0.024302
0.006807,0.024121
0.006709,0.02394
0.0066116,0.023758
0.0065148,0.023576
0.0064187,0.023394
0.0063233,0.023211
0.0062285,0.023028
0.0061344,0.022845
0.006041,0.022661
0.0059482,0.022477
0.005856,0.022293
0.0057644,0.022108
0.0056736,0.021923
0.0055834,0.021738
0.0054938,0.021552
0.0054048,0.021367
0.0053165,0.02118
0.0052288,0.020994
0.0051416,0.020807
0.0050551,0.02062
0.0049692,0.020433
0.0048839,0.020245
0.0047992,0.020057
0.0047151,0.019869
0.0046316,0.019681
0.0045487,0.019492
0.0044664,0.019303
0.0043847,0.019114
0.0043036,0.018924
0.0042231,0.018735
0.0041432,0.018545
0.0040639,0.018355
0.0039852,0.018164
0.0039071,0.017973
0.0038296,0.017782
0.0037527,0.017591
0.0036764,0.0174
0.0036009,0.017208
0.0035261,0.017016
0.0034521,0.016824
0.0033786,0.016631
0.003306,0.016438
0.0032341,0.016245
0.0031629,0.016052
0.0030925,0.015858
0.0030229,0.015664
0.002954,0.01547
0.0028859,0.015275
0.0028184,0.015081
0.0027518,0.014886
0.0026859,0.01469
0.0026208,0.014495
0.0025564,0.014299
0.0024927,0.014103
0.0024297,0.013907
0.0023674,0.01371
0.0023058,0.013514
0.0022449,0.013317
0.0021847,0.01312
0.0021252,0.012923
0.0020663,0.012725
0.002008,0.012527
0.0019504,0.01233
0.0018935,0.012131
0.0018373,0.011933
0.0017818,0.011735
0.0017272,0.011536
0.0016733,0.011337
0.0016203,0.011138
0.001568,0.010939
0.0015167,0.010739
0.0014662,0.010539
0.0014165,0.010339
0.0013677,0.010139
0.0013197,0.0099386
0.0012725,0.0097379
0.0012262,0.0095373
0.0011807,0.0093364
0.001136,0.0091352
0.001092,0.0089338
0.0010488,0.0087323
0.0010064,0.0085305
0.00096464,0.0083287
0.00092359,0.0081268
0.00088315,0.0079247
0.0008433,0.0077227
0.00080394,0.0075204
0.00076507,0.007318
0.00072688,0.0071155
0.00068955,0.0069128
0.00065322,0.0067099
0.00061803,0.0065068
0.00058402,0.0063036
0.00055109,0.0061002
0.00051907,0.0058966
0.00048777,0.0056928
0.00045713,0.005489
0.000427,0.0052852
0.00039728,0.0050812
0.00036807,0.0048772
0.0003399,0.0046732
0.00031316,0.0044688
0.0002881,0.0042643
0.00026473,0.0040595
0.00024299,0.0038546
0.00022277,0.0036495
0.0002039,0.0034443
0.00018627,0.003239
0.00016972,0.0030336
0.00015414,0.0028282
0.00013943,0.0026226
0.00012549,0.002417
0.00011225,0.0022113
9.9617e-05,0.0020054
8.7568e-05,0.0017997
7.6034e-05,0.001594
6.4968e-05,0.0013882
5.4331e-05,0.0011824
4.4093e-05,0.00097665
3.4212e-05,0.00077081
2.4666e-05,0.00056495
1.5433e-05,0.00035916
6.4777e-06,0.00015309
1.0006e-05,-5.1896e-05
4.8235e-05,-0.0002544
8.5466e-05,-0.00045704
0.00012199,-0.00065977
0.00015807,-0.00086258
0.00019392,-0.0010655
0.00022974,-0.0012685
0.00026572,-0.0014714
0.0003021,-0.0016743
0.00033907,-0.0018771
0.00037691,-0.0020795
0.00041599,-0.0022818
0.00045674,-0.002484
0.00049969,-0.0026855
0.00054574,-0.0028864
0.00059625,-0.0030861
0.00065342,-0.0032841
0.00071825,-0.0034797
0.00078969,-0.0036731
0.00086436,-0.003865
0.00094105,-0.0040563
0.0010194,-0.0042469
0.0010993,-0.0044368
0.0011808,-0.0046263
0.0012639,-0.0048149
0.0013486,-0.0050028
0.0014351,-0.0051898
0.0015233,-0.0053761
0.0016135,-0.0055612
0.0017057,-0.0057455
0.0018001,-0.0059289
0.0018966,-0.006111
0.0019954,-0.0062918
0.0020967,-0.0064713
0.0022002,-0.0066494
0.0023061,-0.0068263
0.0024139,-0.0070018
0.0025237,-0.0071762
0.0026352,-0.0073495
0.002748,-0.007522
0.0028619,-0.0076937
0.0029765,-0.007865
0.0030915,-0.008036
0.0032071,-0.0082065
0.0033234,-0.0083766
0.003441,-0.008546
0.0035599,-0.0087143
0.0036806,-0.0088814
0.0038034,-0.0090467
0.0039289,-0.0092102
0.0040576,-0.0093712
0.0041896,-0.0095295
0.0043248,-0.0096852
0.0044627,-0.0098383
0.004603,-0.0099892
0.004745,-0.010138
0.0048885,-0.010286
0.0050328,-0.010433
0.0051775,-0.01058
0.0053224,-0.010726
0.0054678,-0.010873
0.0056135,-0.011018
0.0057596,-0.011164
0.0059061,-0.011309
0.006053,-0.011453
0.0062003,-0.011598
0.0063479,-0.011741
0.006496,-0.011885
0.0066445,-0.012028
0.0067934,-0.01217
0.0069427,-0.012312
0.0070924,-0.012453
0.0072427,-0.012594
0.0073934,-0.012735
0.0075448,-0.012875
0.0076965,-0.013015
0.0078486,-0.013153
0.0080013,-0.013292
0.0081546,-0.01343
0.0083083,-0.013567
0.0084627,-0.013703
0.0086176,-0.013839
0.0087729,-0.013975
0.0089291,-0.014109
0.0090857,-0.014243
0.009243,-0.014376
0.0094008,-0.014509
0.0095593,-0.014641
0.0097183,-0.014771
0.0098781,-0.014902
0.010039,-0.015031
0.0102,-0.015159
0.010361,-0.015287
0.010524,-0.015414
0.010687,-0.01554
0.010851,-0.015665
0.011015,-0.015789
0.01118,-0.015912
0.011346,-0.016035
0.011512,-0.016157
0.011679,-0.016278
0.011847,-0.016397
0.012015,-0.016517
0.012184,-0.016635
0.012353,-0.016752
0.012523,-0.016869
0.012694,-0.016985
0.012865,-0.017099
0.013036,-0.017213
0.013209,-0.017327
0.013381,-0.017439
0.013554,-0.017551
0.013728,-0.017662
0.013903,-0.017772
0.014077,-0.017881
0.014252,-0.017989
0.014428,-0.018097
0.014604,-0.018204
0.014781,-0.01831
0.014958,-0.018415
0.015136,-0.01852
0.015314,-0.018624
0.015492,-0.018727
0.015671,-0.01883
0.01585,-0.018932
0.016029,-0.019033
0.016209,-0.019134
0.016389,-0.019233
0.01657,-0.019333
0.016751,-0.019431
0.016932,-0.01953
0.017114,-0.019627
0.017295,-0.019724
0.017478,-0.019821
0.01766,-0.019916
0.017843,-0.020012
0.018025,-0.020107
0.018209,-0.020201
0.018392,-0.020295
0.018576,-0.020389
0.01876,-0.020482
0.018944,-0.020575
0.019128,-0.020667
0.019312,-0.02076
0.019496,-0.020851
0.019681,-0.020943
0.019866,-0.021034
0.020051,-0.021125
0.020236,-0.021216
0.020421,-0.021306
0.020606,-0.021396
0.020792,-0.021487
0.020977,-0.021576
0.021163,-0.021666
0.021348,-0.021755
0.021534,-0.021844
0.02172,-0.021933
0.021906,-0.022022
0.022093,-0.02211
0.022279,-0.022198
0.022465,-0.022286
0.022652,-0.022374
0.022838,-0.022461
0.023025,-0.022548
0.023212,-0.022635
0.023399,-0.022722
0.023586,-0.022808
0.023773,-0.022894
0.02396,-0.02298
0.024148,-0.023066
0.024335,-0.023152
0.024523,-0.023237
0.024711,-0.023322
0.024898,-0.023407
0.025086,-0.023491
0.025275,-0.023575
0.025463,-0.023659
0.025651,-0.023743
0.025839,-0.023827
0.026028,-0.02391
0.026217,-0.023993
0.026405,-0.024076
0.026594,-0.024159
0.026783,-0.024241
0.026972,-0.024323
0.027161,-0.024405
0.02735,-0.024487
0.027539,-0.024568
0.027729,-0.024649
0.027919,-0.02473
0.028108,-0.024811
0.028298,-0.024891
0.028488,-0.024971
0.028678,-0.025051
0.028868,-0.025131
0.029058,-0.02521
0.029248,-0.02529
0.029438,-0.025369
0.029629,-0.025447
0.029819,-0.025526
0.03001,-0.025604
0.030201,-0.025682
0.030392,-0.02576
0.030583,-0.025837
0.030774,-0.025915
0.030965,-0.025992
0.031156,-0.026069
0.031347,-0.026145
0.031539,-0.026222
0.03173,-0.026298
0.031922,-0.026374
0.032113,-0.02645
0.032305,-0.026525
0.032497,-0.0266
0.032689,-0.026676
0.032881,-0.02675
0.033073,-0.026825
0.033265,-0.0269
0.033457,-0.026974
0.03365,-0.027048
0.033842,-0.027122
0.034034,-0.027196
0.034227,-0.02727
0.034419,-0.027343
0.034612,-0.027416
0.034805,-0.027489
0.034997,-0.027562
0.03519,-0.027635
0.035383,-0.027707
0.035576,-0.02778
0.035769,-0.027852
0.035962,-0.027924
0.036155,-0.027996
0.036348,-0.028068
0.036542,-0.02814
0.036735,-0.028211
0.036928,-0.028283
0.037121,-0.028354
0.037315,-0.028425
0.037508,-0.028496
0.037702,-0.028567
0.037895,-0.028638
0.038089,-0.028709
0.038283,-0.028779
0.038476,-0.02885
0.03867,-0.02892
0.038863,-0.02899
0.039057,-0.02906
0.039251,-0.02913
0.039445,-0.0292
0.039639,-0.02927
0.039833,-0.02934
0.040027,-0.02941
0.040221,-0.029479
0.040415,-0.029549
0.040609,-0.029618
0.040803,-0.029688
0.040997,-0.029757
0.041191,-0.029826
0.041385,-0.029895
0.041579,-0.029964
0.041774,-0.030033
0.041968,-0.030102
0.042162,-0.030171
0.042357,-0.030239
0.042551,-0.030308
0.042745,-0.030376
0.04294,-0.030444
0.043134,-0.030512
0.043329,-0.03058
0.043523,-0.030648
0.043718,-0.030716
0.043913,-0.030783
0.044107,-0.030851
0.044302,-0.030918
0.044497,-0.030985
0.044692,-0.031052
0.044887,-0.031119
0.045082,-0.031185
0.045277,-0.031252
0.045472,-0.031318
0.045667,-0.031385
0.045863,-0.031451
0.046058,-0.031516
0.046253,-0.031582
0.046448,-0.031648
0.046644,-0.031713
0.046839,-0.031778
0.047035,-0.031843
0.047231,-0.031908
0.047426,-0.031972
0.047622,-0.032037
0.047818,-0.032101
0.048014,-0.032165
0.04821,-0.032229
0.048406,-0.032292
0.048602,-0.032355
0.048798,-0.032419
0.048994,-0.032482
0.049191,-0.032544
0.049387,-0.032607
0.049583,-0.032669
0.04978,-0.032731
0.049977,-0.032793
0.050173,-0.032854
0.05037,-0.032915
0.050567,-0.032977
0.050764,-0.033037
0.050961,-0.033098
0.051158,-0.033158
0.051355,-0.033218
0.051552,-0.033278
0.051749,-0.033338
0.051947,-0.033398
0.052144,-0.033457
0.052341,-0.033516
0.052539,-0.033575
0.052736,-0.033634
0.052934,-0.033692
0.053132,-0.033751
0.053329,-0.033809
0.053527,-0.033867
0.053725,-0.033925
0.053922,-0.033983
0.05412,-0.03404
0.054318,-0.034098
0.054516,-0.034155
0.054714,-0.034212
0.054912,-0.034269
0.05511,-0.034326
0.055308,-0.034383
0.055506,-0.03444
0.055705,-0.034496
0.055903,-0.034552
0.056101,-0.034609
0.0563,-0.034665
0.056498,-0.034721
0.056696,-0.034777
0.056895,-0.034833
0.057093,-0.034889
0.057291,-0.034945
0.05749,-0.035
0.057688,-0.035056
0.057887,-0.035111
0.058085,-0.035167
0.058283,-0.035222
0.058482,-0.035278
0.05868,-0.035333
0.058879,-0.035388
0.059077,-0.035444
0.059276,-0.035499
0.059475,-0.035554
0.059673,-0.035609
0.059872,-0.035664
0.06007,-0.03572
0.060269,-0.035775
0.060467,-0.03583
0.060666,-0.035885
0.060865,-0.03594
0.061063,-0.035995
0.061262,-0.03605
0.06146,-0.036105
0.061659,-0.03616
0.061858,-0.036215
0.062056,-0.03627
0.062255,-0.036325
0.062454,-0.03638
0.062652,-0.036434
0.062851,-0.036489
0.06305,-0.036544
0.063248,-0.036598
0.063447,-0.036653
0.063646,-0.036708
0.063845,-0.036762
0.064043,-0.036816
0.064242,-0.036871
0.064441,-0.036925
0.06464,-0.036979
0.064839,-0.037033
0.065037,-0.037087
0.065236,-0.037141
0.065435,-0.037195
0.065634,-0.037249
0.065833,-0.037303
0.066032,-0.037356
0.066231,-0.03741
0.06643,-0.037463
0.066629,-0.037517
0.066828,-0.03757
0.067028,-0.037623
0.067227,-0.037676
0.067426,-0.037729
0.067625,-0.037781
0.067824,-0.037834
0.068024,-0.037887
0.068223,-0.037939
0.068422,-0.037991
0.068621,-0.038043
0.068821,-0.038095
0.06902,-0.038147
0.06922,-0.038199
0.069419,-0.038251
0.069619,-0.038302
0.069819,-0.038353
0.070018,-0.038405
0.070218,-0.038456
0.070417,-0.038506
0.070617,-0.038557
0.070817,-0.038608
0.071017,-0.038658
0.071217,-0.038708
0.071417,-0.038759
0.071617,-0.038809
0.071816,-0.038858
0.072016,-0.038908
0.072216,-0.038958
0.072417,-0.039007
0.072617,-0.039057
0.072817,-0.039106
0.073017,-0.039155
0.073217,-0.039204
0.073417,-0.039253
0.073617,-0.039301
0.073818,-0.03935
0.074018,-0.039398
0.074218,-0.039447
0.074419,-0.039495
0.074619,-0.039543
0.074819,-0.039591
0.07502,-0.039639
0.07522,-0.039687
0.075421,-0.039735
0.075621,-0.039782
0.075822,-0.03983
0.076022,-0.039877
0.076223,-0.039924
0.076423,-0.039972
0.076624,-0.040019
0.076825,-0.040066
0.077026,-0.040113
0.077226,-0.04016
0.077427,-0.040207
0.077628,-0.040253
0.077828,-0.0403
0.078029,-0.040347
0.07823,-0.040393
0.078431,-0.040439
0.078631,-0.040486
0.078832,-0.040532
0.079033,-0.040578
0.079234,-0.040625
0.079435,-0.040671
0.079636,-0.040717
0.079836,-0.040763
0.080037,-0.040809
0.080238,-0.040854
0.080439,-0.0409
0.08064,-0.040946
0.080841,-0.040992
0.081042,-0.041037
0.081243,-0.041083
0.081444,-0.041128
0.081645,-0.041174
0.081846,-0.041219
0.082047,-0.041265
0.082248,-0.04131
0.082449,-0.041355
0.08265,-0.0414
0.082851,-0.041446
0.083052,-0.041491
0.083254,-0.041536
0.083455,-0.041581
0.083656,-0.041625
0.083857,-0.04167
0.084058,-0.041715
0.084259,-0.041759
0.084461,-0.041804
0.084662,-0.041849
0.084863,-0.041893
0.085064,-0.041937
0.085265,-0.041982
0.085467,-0.042026
0.085668,-0.04207
0.085869,-0.042114
0.08607,-0.042158
0.086272,-0.042202
0.086473,-0.042246
0.086675,-0.04229
0.086876,-0.042333
0.087077,-0.042377
0.087279,-0.04242
0.08748,-0.042464
0.087682,-0.042507
0.087883,-0.042551
0.088085,-0.042594
0.088286,-0.042637
0.088488,-0.04268
0.088689,-0.042723
0.088891,-0.042766
0.089093,-0.042809
0.089294,-0.042851
0.089496,-0.042894
0.089698,-0.042936
0.089899,-0.042979
0.090101,-0.043021
0.090302,-0.043063
0.090504,-0.043106
0.090706,-0.043148
0.090908,-0.04319
0.091109,-0.043232
0.091311,-0.043273
0.091513,-0.043315
0.091715,-0.043357
0.091917,-0.043398
0.092119,-0.04344
0.092321,-0.043481
0.092522,-0.043522
0.092724,-0.043564
0.092926,-0.043605
0.093128,-0.043646
0.09333,-0.043687
0.093532,-0.043728
0.093734,-0.043769
0.093936,-0.043809
0.094138,-0.04385
0.09434,-0.043891
0.094542,-0.043931
0.094744,-0.043972
0.094946,-0.044012
0.095148,-0.044052
0.095351,-0.044093
0.095553,-0.044133
0.095755,-0.044173
0.095957,-0.044213
0.096159,-0.044253
0.096361,-0.044293
0.096563,-0.044333
0.096766,-0.044372
0.096968,-0.044412
0.09717,-0.044452
0.097372,-0.044491
0.097575,-0.044531
0.097777,-0.04457
0.097979,-0.04461
0.098182,-0.044649
0.098384,-0.044688
0.098586,-0.044728
0.098789,-0.044767
0.098991,-0.044806
0.099193,-0.044845
0.099396,-0.044884
0.099598,-0.044923
0.0998,-0.044962
0.1,-0.045001
0.10021,-0.045039
0.10041,-0.045078
0.10061,-0.045117
0.10081,-0.045155
0.10101,-0.045194
0.10122,-0.045232
0.10142,-0.045271
0.10162,-0.045309
0.10182,-0.045348
0.10203,-0.045386
0.10223,-0.045424
0.10243,-0.045462
0.10263,-0.0455
0.10284,-0.045539
0.10304,-0.045577
0.10324,-0.045615
0.10344,-0.045652
0.10365,-0.04569
0.10385,-0.045728
0.10405,-0.045766
0.10425,-0.045804
0.10446,-0.045841
0.10466,-0.045879
0.10486,-0.045917
0.10507,-0.045954
0.10527,-0.045992
0.10547,-0.046029
0.10567,-0.046066
0.10588,-0.046104
0.10608,-0.046141
0.10628,-0.046178
0.10648,-0.046215
0.10669,-0.046253
0.10689,-0.04629
0.10709,-0.046327
0.1073,-0.046364
0.1075,-0.046401
0.1077,-0.046437
0.1079,-0.046474
0.10811,-0.046511
0.10831,-0.046548
0.10851,-0.046584
0.10871,-0.046621
0.10892,-0.046658
0.10912,-0.046694
0.10932,-0.046731
0.10953,-0.046767
0.10973,-0.046803
0.10993,-0.04684
0.11013,-0.046876
0.11034,-0.046912
0.11054,-0.046948
0.11074,-0.046984
0.11095,-0.047021
0.11115,-0.047057
0.11135,-0.047092
0.11155,-0.047128
0.11176,-0.047164
0.11196,-0.0472
0.11216,-0.047236
0.11237,-0.047272
0.11257,-0.047307
0.11277,-0.047343
0.11298,-0.047379
0.11318,-0.047414
0.11338,-0.04745
0.11358,-0.047485
0.11379,-0.04752
0.11399,-0.047556
0.11419,-0.047591
0.1144,-0.047626
0.1146,-0.047661
0.1148,-0.047697
0.11501,-0.047732
0.11521,-0.047767
0.11541,-0.047802
0.11561,-0.047837
0.11582,-0.047872
0.11602,-0.047907
0.11622,-0.047941
0.11643,-0.047976
0.11663,-0.048011
0.11683,-0.048046
0.11704,-0.04808
0.11724,-0.048115
0.11744,-0.048149
0.11765,-0.048184
0.11785,-0.048218
0.11805,-0.048253
0.11826,-0.048287
0.11846,-0.048321
0.11866,-0.048355
0.11887,-0.04839
0.11907,-0.048424
0.11927,-0.048458
0.11948,-0.048492
0.11968,-0.048526
0.11988,-0.04856
0.12009,-0.048594
0.12029,-0.048628
0.12049,-0.048662
0.12069,-0.048695
0.1209,-0.048729
0.1211,-0.048763
0.1213,-0.048796
0.12151,-0.04883
0.12171,-0.048864
0.12191,-0.048897
0.12212,-0.048931
0.12232,-0.048964
0.12252,-0.048997
0.12273,-0.049031
0.12293,-0.049064
0.12313,-0.049097
0.12334,-0.04913
0.12354,-0.049164
0.12374,-0.049197
0.12395,-0.04923
0.12415,-0.049263
0.12436,-0.049296
0.12456,-0.049329
0.12476,-0.049362
0.12497,-0.049394
0.12517,-0.049427
0.12537,-0.04946
0.12558,-0.049493
0.12578,-0.049525
0.12598,-0.049558
0.12619,-0.049591
0.12639,-0.049623
0.12659,-0.049656
0.1268,-0.049688
0.127,-0.04972
0.1272,-0.049753
0.12741,-0.049785
0.12761,-0.049817
0.12781,-0.04985
0.12802,-0.049882
0.12822,-0.049914
0.12843,-0.049946
0.12863,-0.049978
0.12883,-0.05001
0.12904,-0.050042
0.12924,-0.050074
0.12944,-0.050106
0.12965,-0.050138
0.12985,-0.050169
0.13005,-0.050201
0.13026,-0.050233
0.13046,-0.050264
0.13067,-0.050296
0.13087,-0.050328
0.13107,-0.050359
0.13128,-0.050391
0.13148,-0.050422
0.13168,-0.050453
0.13189,-0.050485
0.13209,-0.050516
0.13229,-0.050547
0.1325,-0.050578
0.1327,-0.05061
0.13291,-0.050641
0.13311,-0.050672
0.13331,-0.050703
0.13352,-0.050734
0.13372,-0.050765
0.13392,-0.050796
0.13413,-0.050827
0.13433,-0.050857
0.13454,-0.050888
0.13474,-0.050919
0.13494,-0.05095
0.13515,-0.05098
0.13535,-0.051011
0.13555,-0.051041
0.13576,-0.051072
0.13596,-0.051102
0.13617,-0.051133
0.13637,-0.051163
0.13657,-0.051194
0.13678,-0.051224
0.13698,-0.051254
0.13718,-0.051285
0.13739,-0.051315
0.13759,-0.051345
0.1378,-0.051375
0.138,-0.051405
0.1382,-0.051435
0.13841,-0.051465
0.13861,-0.051495
0.13882,-0.051525
0.13902,-0.051555
0.13922,-0.051585
0.13943,-0.051614
0.13963,-0.051644
0.13984,-0.051674
0.14004,-0.051703
0.14024,-0.051733
0.14045,-0.051763
0.14065,-0.051792
0.14086,-0.051822
0.14106,-0.051851
0.14126,-0.05188
0.14147,-0.05191
0.14167,-0.051939
0.14188,-0.051968
0.14208,-0.051997
0.14228,-0.052027
0.14249,-0.052056
0.14269,-0.052085
0.1429,-0.052114
0.1431,-0.052143
0.1433,-0.052172
0.14351,-0.052201
0.14371,-0.05223
0.14392,-0.052259
0.14412,-0.052287
0.14432,-0.052316
0.14453,-0.052345
0.14473,-0.052374
0.14494,-0.052402
0.14514,-0.052431
0.14534,-0.052459
0.14555,-0.052488
0.14575,-0.052516
0.14596,-0.052545
0.14616,-0.052573
0.14636,-0.052602
0.14657,-0.05263
0.14677,-0.052658
0.14698,-0.052687
0.14718,-0.052715
0.14738,-0.052743
0.14759,-0.052771
0.14779,-0.052799
0.148,-0.052827
0.1482,-0.052855
0.14841,-0.052883
0.14861,-0.052911
0.14881,-0.052939
0.14902,-0.052967
0.14922,-0.052995
0.14943,-0.053022
0.14963,-0.05305
0.14984,-0.053078
0.15004,-0.053105
0.15024,-0.053133
0.15045,-0.05316
0.15065,-0.053188
0.15086,-0.053215
0.15106,-0.053243
0.15126,-0.05327
0.15147,-0.053298
0.15167,-0.053325
0.15188,-0.053352
0.15208,-0.05338
0.15229,-0.053407
0.15249,-0.053434
0.15269,-0.053461
0.1529,-0.053488
0.1531,-0.053515
0.15331,-0.053542
0.15351,-0.053569
0.15372,-0.053596
0.15392,-0.053623
0.15413,-0.05365
0.15433,-0.053677
0.15453,-0.053703
0.15474,-0.05373
0.15494,-0.053757
0.15515,-0.053784
0.15535,-0.05381
0.15556,-0.053837
0.15576,-0.053863
0.15596,-0.05389
0.15617,-0.053916
0.15637,-0.053943
0.15658,-0.053969
0.15678,-0.053995
0.15699,-0.054022
0.15719,-0.054048
0.15739,-0.054074
0.1576,-0.0541
0.1578,-0.054127
0.15801,-0.054153
0.15821,-0.054179
0.15842,-0.054205
0.15862,-0.054231
0.15883,-0.054257
0.15903,-0.054283
0.15923,-0.054309
0.15944,-0.054335
0.15964,-0.054361
0.15985,-0.054386
0.16005,-0.054412
0.16026,-0.054438
0.16046,-0.054464
0.16067,-0.054489
0.16087,-0.054515
0.16107,-0.05454
0.16128,-0.054566
0.16148,-0.054591
0.16169,-0.054617
0.16189,-0.054642
0.1621,-0.054668
0.1623,-0.054693
0.16251,-0.054718
0.16271,-0.054744
0.16292,-0.054769
0.16312,-0.054794
0.16332,-0.054819
0.16353,-0.054845
0.16373,-0.05487
0.16394,-0.054895
0.16414,-0.05492
0.16435,-0.054945
0.16455,-0.05497
0.16476,-0.054995
0.16496,-0.05502
0.16517,-0.055044
0.16537,-0.055069
0.16557,-0.055094
0.16578,-0.055119
0.16598,-0.055144
0.16619,-0.055168
0.16639,-0.055193
0.1666,-0.055218
0.1668,-0.055242
0.16701,-0.055267
0.16721,-0.055291
0.16742,-0.055316
0.16762,-0.05534
0.16783,-0.055365
0.16803,-0.055389
0.16823,-0.055413
0.16844,-0.055438
0.16864,-0.055462
0.16885,-0.055486
0.16905,-0.055511
0.16926,-0.055535
0.16946,-0.055559
0.16967,-0.055583
0.16987,-0.055607
0.17008,-0.055631
0.17028,-0.055655
0.17049,-0.055679
0.17069,-0.055703
0.1709,-0.055727
0.1711,-0.055751
0.1713,-0.055775
0.17151,-0.055799
0.17171,-0.055822
0.17192,-0.055846
0.17212,-0.05587
0.17233,-0.055894
0.17253,-0.055917
0.17274,-0.055941
0.17294,-0.055965
0.17315,-0.055988
0.17335,-0.056012
0.17356,-0.056035
0.17376,-0.056059
0.17397,-0.056082
0.17417,-0.056105
0.17438,-0.056129
0.17458,-0.056152
0.17478,-0.056176
0.17499,-0.056199
0.17519,-0.056222
0.1754,-0.056245
0.1756,-0.056268
0.17581,-0.056292
0.17601,-0.056315
0.17622,-0.056338
0.17642,-0.056361
0.17663,-0.056384
0.17683,-0.056407
0.17704,-0.05643
0.17724,-0.056453
0.17745,-0.056476
0.17765,-0.056499
0.17786,-0.056522
0.17806,-0.056544
0.17827,-0.056567
0.17847,-0.05659
0.17868,-0.056613
0.17888,-0.056635
0.17909,-0.056658
0.17929,-0.056681
0.1795,-0.056703
0.1797,-0.056726
0.1799,-0.056748
0.18011,-0.056771
0.18031,-0.056793
0.18052,-0.056816
0.18072,-0.056838
0.18093,-0.05686
0.18113,-0.056883
0.18134,-0.056905
0.18154,-0.056927
0.18175,-0.05695
0.18195,-0.056972
0.18216,-0.056994
0.18236,-0.057016
0.18257,-0.057038
0.18277,-0.05706
0.18298,-0.057082
0.18318,-0.057104
0.18339,-0.057126
0.18359,-0.057148
0.1838,-0.05717
0.184,-0.057192
0.18421,-0.057214
0.18441,-0.057236
0.18462,-0.057258
0.18482,-0.057279
0.18503,-0.057301
0.18523,-0.057323
0.18544,-0.057344
0.18564,-0.057366
0.18585,-0.057388
0.18605,-0.057409
0.18626,-0.057431
0.18646,-0.057452
0.18667,-0.057474
0.18687,-0.057495
0.18708,-0.057517
0.18728,-0.057538
0.18749,-0.057559
0.18769,-0.057581
0.1879,-0.057602
0.1881,-0.057623
0.18831,-0.057644
0.18851,-0.057666
0.18872,-0.057687
0.18892,-0.057708
0.18913,-0.057729
0.18933,-0.05775
0.18954,-0.057771
0.18974,-0.057792
0.18995,-0.057813
0.19015,-0.057834
0.19036,-0.057855
0.19056,-0.057876
0.19077,-0.057896
0.19097,-0.057917
0.19118,-0.057938
0.19138,-0.057959
0.19159,-0.057979
0.19179,-0.058
0.192,-0.058021
0.1922,-0.058041
0.19241,-0.058062
0.19261,-0.058082
0.19282,-0.058103
0.19302,-0.058123
0.19323,-0.058144
0.19343,-0.058164
0.19364,-0.058185
0.19384,-0.058205
0.19405,-0.058225
0.19425,-0.058245
0.19446,-0.058266
0.19466,-0.058286
0.19487,-0.058306
0.19507,-0.058326
0.19528,-0.058346
0.19548,-0.058366
0.19569,-0.058386
0.19589,-0.058406
0.1961,-0.058426
0.1963,-0.058446
0.19651,-0.058466
0.19671,-0.058486
0.19692,-0.058506
0.19712,-0.058526
0.19733,-0.058546
0.19753,-0.058565
0.19774,-0.058585
0.19794,-0.058605
0.19815,-0.058624
0.19835,-0.058644
0.19856,-0.058664
0.19876,-0.058683
0.19897,-0.058703
0.19918,-0.058722
0.19938,-0.058741
0.19959,-0.058761
0.19979,-0.05878
0.2,-0.0588
0.2002,-0.058819
0.20041,-0.058838
0.20061,-0.058857
0.20082,-0.058877
0.20102,-0.058896
0.20123,-0.058915
0.20143,-0.058934
0.20164,-0.058953
0.20184,-0.058972
0.20205,-0.058991
0.20225,-0.05901
0.20246,-0.059029
0.20266,-0.059048
0.20287,-0.059067
0.20307,-0.059086
0.20328,-0.059105
0.20348,-0.059123
0.20369,-0.059142
0.20389,-0.059161
0.2041,-0.059179
0.20431,-0.059198
0.20451,-0.059217
0.20472,-0.059235
0.20492,-0.059254
0.20513,-0.059272
0.20533,-0.059291
0.20554,-0.059309
0.20574,-0.059328
0.20595,-0.059346
0.20615,-0.059364
0.20636,-0.059383
0.20656,-0.059401
0.20677,-0.059419
0.20697,-0.059437
0.20718,-0.059455
0.20738,-0.059474
0.20759,-0.059492
0.20779,-0.05951
0.208,-0.059528
0.20821,-0.059546
0.20841,-0.059564
0.20862,-0.059582
0.20882,-0.0596
0.20903,-0.059617
0.20923,-0.059635
0.20944,-0.059653
0.20964,-0.059671
0.20985,-0.059689
0.21005,-0.059706
0.21026,-0.059724
0.21046,-0.059741
0.21067,-0.059759
0.21087,-0.059777
0.21108,-0.059794
0.21128,-0.059812
0.21149,-0.059829
0.2117,-0.059846
0.2119,-0.059864
0.21211,-0.059881
0.21231,-0.059899
0.21252,-0.059916
0.21272,-0.059933
0.21293,-0.05995
0.21313,-0.059967
0.21334,-0.059985
0.21354,-0.060002
0.21375,-0.060019
0.21395,-0.060036
0.21416,-0.060053
0.21437,-0.06007
0.21457,-0.060087
0.21478,-0.060104
0.21498,-0.06012
0.21519,-0.060137
0.21539,-0.060154
0.2156,-0.060171
0.2158,-0.060187
0.21601,-0.060204
0.21621,-0.060221
0.21642,-0.060237
0.21662,-0.060254
0.21683,-0.060271
0.21704,-0.060287
0.21724,-0.060304
0.21745,-0.06032
0.21765,-0.060336
0.21786,-0.060353
0.21806,-0.060369
0.21827,-0.060385
0.21847,-0.060402
0.21868,-0.060418
0.21888,-0.060434
0.21909,-0.06045
0.2193,-0.060466
0.2195,-0.060482
0.21971,-0.060499
0.21991,-0.060515
0.22012,-0.060531
0.22032,-0.060546
0.22053,-0.060562
0.22073,-0.060578
0.22094,-0.060594
0.22114,-0.06061
0.22135,-0.060626
0.22156,-0.060641
0.22176,-0.060657
0.22197,-0.060673
0.22217,-0.060688
0.22238,-0.060704
0.22258,-0.06072
0.22279,-0.060735
0.22299,-0.060751
0.2232,-0.060766
0.2234,-0.060782
0.22361,-0.060797
0.22382,-0.060812
0.22402,-0.060828
0.22423,-0.060843
0.22443,-0.060858
0.22464,-0.060873
0.22484,-0.060888
0.22505,-0.060904
0.22525,-0.060919
0.22546,-0.060934
0.22567,-0.060949
0.22587,-0.060964
0.22608,-0.060979
0.22628,-0.060994
0.22649,-0.061009
0.22669,-0.061023
0.2269,-0.061038
0.2271,-0.061053
0.22731,-0.061068
0.22752,-0.061082
0.22772,-0.061097
0.22793,-0.061112
0.22813,-0.061126
0.22834,-0.061141
0.22854,-0.061156
0.22875,-0.06117
0.22895,-0.061184
0.22916,-0.061199
0.22937,-0.061213
0.22957,-0.061228
0.22978,-0.061242
0.22998,-0.061256
0.23019,-0.061271
0.23039,-0.061285
0.2306,-0.061299
0.2308,-0.061313
0.23101,-0.061327
0.23122,-0.061341
0.23142,-0.061356
0.23163,-0.06137
0.23183,-0.061384
0.23204,-0.061398
0.23224,-0.061411
0.23245,-0.061425
0.23265,-0.061439
0.23286,-0.061453
0.23307,-0.061467
0.23327,-0.061481
0.23348,-0.061494
0.23368,-0.061508
0.23389,-0.061522
0.23409,-0.061535
0.2343,-0.061549
0.23451,-0.061563
0.23471,-0.061576
0.23492,-0.06159
0.23512,-0.061603
0.23533,-0.061617
0.23553,-0.06163
0.23574,-0.061643
0.23595,-0.061657
0.23615,-0.06167
0.23636,-0.061683
0.23656,-0.061697
0.23677,-0.06171
0.23697,-0.061723
0.23718,-0.061736
0.23738,-0.061749
0.23759,-0.061763
0.2378,-0.061776
0.238,-0.061789
0.23821,-0.061802
0.23841,-0.061815
0.23862,-0.061828
0.23882,-0.061841
0.23903,-0.061853
0.23924,-0.061866
0.23944,-0.061879
0.23965,-0.061892
0.23985,-0.061905
0.24006,-0.061918
0.24026,-0.06193
0.24047,-0.061943
0.24068,-0.061956
0.24088,-0.061968
0.24109,-0.061981
0.24129,-0.061993
0.2415,-0.062006
0.2417,-0.062018
0.24191,-0.062031
0.24212,-0.062043
0.24232,-0.062056
0.24253,-0.062068
0.24273,-0.062081
0.24294,-0.062093
0.24314,-0.062105
0.24335,-0.062118
0.24356,-0.06213
0.24376,-0.062142
0.24397,-0.062154
0.24417,-0.062166
0.24438,-0.062179
0.24458,-0.062191
0.24479,-0.062203
0.245,-0.062215
0.2452,-0.062227
0.24541,-0.062239
0.24561,-0.062251
0.24582,-0.062263
0.24602,-0.062275
0.24623,-0.062287
0.24644,-0.062299
0.24664,-0.06231
0.24685,-0.062322
0.24705,-0.062334
0.24726,-0.062346
0.24746,-0.062357
0.24767,-0.062369
0.24788,-0.062381
0.24808,-0.062393
0.24829,-0.062404
0.24849,-0.062416
0.2487,-0.062427
0.2489,-0.062439
0.24911,-0.06245
0.24932,-0.062462
0.24952,-0.062473
0.24973,-0.062485
0.24993,-0.062496
0.25014,-0.062508
0.25034,-0.062519
0.25055,-0.06253
0.25076,-0.062542
0.25096,-0.062553
0.25117,-0.062564
0.25137,-0.062576
0.25158,-0.062587
0.25178,-0.062598
0.25199,-0.062609
0.2522,-0.06262
0.2524,-0.062631
0.25261,-0.062643
0.25281,-0.062654
0.25302,-0.062665
0.25323,-0.062676
0.25343,-0.062687
0.25364,-0.062698
0.25384,-0.062709
0.25405,-0.062719
0.25425,-0.06273
0.25446,-0.062741
0.25467,-0.062752
0.25487,-0.062763
0.25508,-0.062774
0.25528,-0.062784
0.25549,-0.062795
0.25569,-0.062806
0.2559,-0.062817
0.25611,-0.062827
0.25631,-0.062838
0.25652,-0.062848
0.25672,-0.062859
0.25693,-0.06287
0.25714,-0.06288
0.25734,-0.062891
0.25755,-0.062901
0.25775,-0.062912
0.25796,-0.062922
0.25816,-0.062933
0.25837,-0.062943
0.25858,-0.062953
0.25878,-0.062964
0.25899,-0.062974
0.25919,-0.062984
0.2594,-0.062994
0.25961,-0.063005
0.25981,-0.063015
0.26002,-0.063025
0.26022,-0.063035
0.26043,-0.063045
0.26063,-0.063056
0.26084,-0.063066
0.26105,-0.063076
0.26125,-0.063086
0.26146,-0.063096
0.26166,-0.063106
0.26187,-0.063116
0.26208,-0.063126
0.26228,-0.063136
0.26249,-0.063145
0.26269,-0.063155
0.2629,-0.063165
0.2631,-0.063175
0.26331,-0.063185
0.26352,-0.063194
0.26372,-0.063204
0.26393,-0.063214
0.26413,-0.063224
0.26434,-0.063233
0.26455,-0.063243
0.26475,-0.063253
0.26496,-0.063262
0.26516,-0.063272
0.26537,-0.063281
0.26557,-0.063291
0.26578,-0.0633
0.26599,-0.06331
0.26619,-0.063319
0.2664,-0.063329
0.2666,-0.063338
0.26681,-0.063347
0.26702,-0.063357
0.26722,-0.063366
0.26743,-0.063375
0.26763,-0.063385
0.26784,-0.063394
0.26805,-0.063403
0.26825,-0.063412
0.26846,-0.063421
0.26866,-0.063431
0.26887,-0.06344
0.26907,-0.063449
0.26928,-0.063458
0.26949,-0.063467
0.26969,-0.063476
0.2699,-0.063485
0.2701,-0.063494
0.27031,-0.063503
0.27052,-0.063512
0.27072,-0.063521
0.27093,-0.063529
0.27113,-0.063538
0.27134,-0.063547
0.27155,-0.063556
0.27175,-0.063565
0.27196,-0.063573
0.27216,-0.063582
0.27237,-0.063591
0.27257,-0.0636
0.27278,-0.063608
0.27299,-0.063617
0.27319,-0.063625
0.2734,-0.063634
0.2736,-0.063643
0.27381,-0.063651
0.27402,-0.06366
0.27422,-0.063668
0.27443,-0.063677
0.27463,-0.063685
0.27484,-0.063693
0.27505,-0.063702
0.27525,-0.06371
0.27546,-0.063719
0.27566,-0.063727
0.27587,-0.063735
0.27608,-0.063743
0.27628,-0.063752
0.27649,-0.06376
0.27669,-0.063768
0.2769,-0.063776
0.2771,-0.063784
0.27731,-0.063792
0.27752,-0.063801
0.27772,-0.063809
0.27793,-0.063817
0.27813,-0.063825
0.27834,-0.063833
0.27855,-0.063841
0.27875,-0.063849
0.27896,-0.063856
0.27916,-0.063864
0.27937,-0.063872
0.27958,-0.06388
0.27978,-0.063888
0.27999,-0.063896
0.28019,-0.063903
0.2804,-0.063911
0.28061,-0.063919
0.28081,-0.063926
0.28102,-0.063934
0.28122,-0.063942
0.28143,-0.063949
0.28164,-0.063957
0.28184,-0.063964
0.28205,-0.063972
0.28225,-0.063979
0.28246,-0.063987
0.28266,-0.063994
0.28287,-0.064001
0.28308,-0.064009
0.28328,-0.064016
0.28349,-0.064023
0.28369,-0.064031
0.2839,-0.064038
0.28411,-0.064045
0.28431,-0.064052
0.28452,-0.064059
0.28472,-0.064066
0.28493,-0.064073
0.28514,-0.064081
0.28534,-0.064088
0.28555,-0.064095
0.28575,-0.064101
0.28596,-0.064108
0.28617,-0.064115
0.28637,-0.064122
0.28658,-0.064129
0.28678,-0.064136
0.28699,-0.064143
0.2872,-0.064149
0.2874,-0.064156
0.28761,-0.064163
0.28781,-0.064169
0.28802,-0.064176
0.28823,-0.064182
0.28843,-0.064189
0.28864,-0.064195
0.28884,-0.064202
0.28905,-0.064208
0.28926,-0.064215
0.28946,-0.064221
0.28967,-0.064228
0.28987,-0.064234
0.29008,-0.06424
0.29029,-0.064246
0.29049,-0.064253
0.2907,-0.064259
0.2909,-0.064265
0.29111,-0.064271
0.29132,-0.064277
0.29152,-0.064283
0.29173,-0.064289
0.29193,-0.064295
0.29214,-0.064301
0.29235,-0.064307
0.29255,-0.064313
0.29276,-0.064319
0.29296,-0.064324
0.29317,-0.06433
0.29338,-0.064336
0.29358,-0.064342
0.29379,-0.064347
0.29399,-0.064353
0.2942,-0.064358
0.29441,-0.064364
0.29461,-0.064369
0.29482,-0.064375
0.29502,-0.06438
0.29523,-0.064386
0.29544,-0.064391
0.29564,-0.064396
0.29585,-0.064402
0.29605,-0.064407
0.29626,-0.064412
0.29647,-0.064417
0.29667,-0.064422
0.29688,-0.064428
0.29708,-0.064433
0.29729,-0.064438
0.2975,-0.064443
0.2977,-0.064448
0.29791,-0.064452
0.29811,-0.064457
0.29832,-0.064462
0.29853,-0.064467
0.29873,-0.064472
0.29894,-0.064476
0.29914,-0.064481
0.29935,-0.064486
0.29956,-0.06449
0.29976,-0.064495
0.29997,-0.064499
0.30017,-0.064504
0.30038,-0.064508
0.30059,-0.064513
0.30079,-0.064517
0.301,-0.064521
0.3012,-0.064526
0.30141,-0.06453
0.30162,-0.064534
0.30182,-0.064538
0.30203,-0.064542
0.30223,-0.064546
0.30244,-0.06455
0.30265,-0.064554
0.30285,-0.064558
0.30306,-0.064562
0.30326,-0.064566
0.30347,-0.06457
0.30368,-0.064574
0.30388,-0.064578
0.30409,-0.064581
0.30429,-0.064585
0.3045,-0.064589
0.30471,-0.064592
0.30491,-0.064596
0.30512,-0.0646
0.30533,-0.064603
0.30553,-0.064607
0.30574,-0.06461
0.30594,-0.064613
0.30615,-0.064617
0.30636,-0.06462
0.30656,-0.064624
0.30677,-0.064627
0.30697,-0.06463
0.30718,-0.064633
0.30739,-0.064636
0.30759,-0.06464
0.3078,-0.064643
0.308,-0.064646
0.30821,-0.064649
0.30842,-0.064652
0.30862,-0.064655
0.30883,-0.064658
0.30903,-0.064661
0.30924,-0.064664
0.30945,-0.064666
0.30965,-0.064669
0.30986,-0.064672
0.31006,-0.064675
0.31027,-0.064677
0.31048,-0.06468
0.31068,-0.064683
0.31089,-0.064685
0.31109,-0.064688
0.3113,-0.064691
0.31151,-0.064693
0.31171,-0.064696
0.31192,-0.064698
0.31212,-0.064701
0.31233,-0.064703
0.31254,-0.064705
0.31274,-0.064708
0.31295,-0.06471
0.31316,-0.064712
0.31336,-0.064715
0.31357,-0.064717
0.31377,-0.064719
0.31398,-0.064721
0.31419,-0.064723
0.31439,-0.064725
0.3146,-0.064728
0.3148,-0.06473
0.31501,-0.064732
0.31522,-0.064734
0.31542,-0.064736
0.31563,-0.064738
0.31583,-0.064739
0.31604,-0.064741
0.31625,-0.064743
0.31645,-0.064745
0.31666,-0.064747
0.31686,-0.064749
0.31707,-0.06475
0.31728,-0.064752
0.31748,-0.064754
0.31769,-0.064756
0.31789,-0.064757
0.3181,-0.064759
0.31831,-0.064761
0.31851,-0.064762
0.31872,-0.064764
0.31893,-0.064765
0.31913,-0.064767
0.31934,-0.064768
0.31954,-0.06477
0.31975,-0.064771
0.31996,-0.064772
0.32016,-0.064774
0.32037,-0.064775
0.32057,-0.064777
0.32078,-0.064778
0.32099,-0.064779
0.32119,-0.06478
0.3214,-0.064782
0.3216,-0.064783
0.32181,-0.064784
0.32202,-0.064785
0.32222,-0.064786
0.32243,-0.064788
0.32263,-0.064789
0.32284,-0.06479
0.32305,-0.064791
0.32325,-0.064792
0.32346,-0.064793
0.32366,-0.064794
0.32387,-0.064795
0.32408,-0.064796
0.32428,-0.064797
0.32449,-0.064798
0.3247,-0.064799
0.3249,-0.0648
0.32511,-0.0648
0.32531,-0.064801
0.32552,-0.064802
0.32573,-0.064803
0.32593,-0.064804
0.32614,-0.064804
0.32634,-0.064805
0.32655,-0.064806
0.32676,-0.064807
0.32696,-0.064807
0.32717,-0.064808
0.32737,-0.064809
0.32758,-0.064809
0.32779,-0.06481
0.32799,-0.06481
0.3282,-0.064811
0.3284,-0.064811
0.32861,-0.064812
0.32882,-0.064812
0.32902,-0.064813
0.32923,-0.064813
0.32944,-0.064814
0.32964,-0.064814
0.32985,-0.064814
0.33005,-0.064815
0.33026,-0.064815
0.33047,-0.064815
0.33067,-0.064816
0.33088,-0.064816
0.33108,-0.064816
0.33129,-0.064816
0.3315,-0.064816
0.3317,-0.064817
0.33191,-0.064817
0.33211,-0.064817
0.33232,-0.064817
0.33253,-0.064817
0.33273,-0.064817
0.33294,-0.064817
0.33314,-0.064817
0.33335,-0.064817
0.33356,-0.064817
0.33376,-0.064816
0.33397,-0.064816
0.33417,-0.064816
0.33438,-0.064816
0.33459,-0.064816
0.33479,-0.064815
0.335,-0.064815
0.33521,-0.064815
0.33541,-0.064814
0.33562,-0.064814
0.33582,-0.064813
0.33603,-0.064813
0.33624,-0.064812
0.33644,-0.064812
0.33665,-0.064811
0.33685,-0.064811
0.33706,-0.06481
0.33727,-0.064809
0.33747,-0.064809
0.33768,-0.064808
0.33788,-0.064807
0.33809,-0.064807
0.3383,-0.064806
0.3385,-0.064805
0.33871,-0.064804
0.33891,-0.064803
0.33912,-0.064802
0.33933,-0.064801
0.33953,-0.0648
0.33974,-0.064799
0.33995,-0.064798
0.34015,-0.064797
0.34036,-0.064796
0.34056,-0.064795
0.34077,-0.064793
0.34098,-0.064792
0.34118,-0.064791
0.34139,-0.06479
0.34159,-0.064788
0.3418,-0.064787
0.34201,-0.064785
0.34221,-0.064784
0.34242,-0.064782
0.34262,-0.064781
0.34283,-0.064779
0.34304,-0.064778
0.34324,-0.064776
0.34345,-0.064774
0.34365,-0.064773
0.34386,-0.064771
0.34407,-0.064769
0.34427,-0.064767
0.34448,-0.064765
0.34468,-0.064763
0.34489,-0.064761
0.3451,-0.064759
0.3453,-0.064757
0.34551,-0.064755
0.34572,-0.064753
0.34592,-0.064751
0.34613,-0.064749
0.34633,-0.064747
0.34654,-0.064744
0.34675,-0.064742
0.34695,-0.06474
0.34716,-0.064737
0.34736,-0.064735
0.34757,-0.064732
0.34778,-0.06473
0.34798,-0.064727
0.34819,-0.064725
0.34839,-0.064722
0.3486,-0.064719
0.34881,-0.064717
0.34901,-0.064714
0.34922,-0.064711
0.34942,-0.064708
0.34963,-0.064705
0.34984,-0.064702
0.35004,-0.064699
0.35025,-0.064696
0.35045,-0.064693
0.35066,-0.06469
0.35087,-0.064687
0.35107,-0.064684
0.35128,-0.064681
0.35148,-0.064677
0.35169,-0.064674
0.3519,-0.064671
0.3521,-0.064667
0.35231,-0.064664
0.35252,-0.06466
0.35272,-0.064657
0.35293,-0.064653
0.35313,-0.064649
0.35334,-0.064646
0.35355,-0.064642
0.35375,-0.064638
0.35396,-0.064635
0.35416,-0.064631
0.35437,-0.064627
0.35458,-0.064623
0.35478,-0.064619
0.35499,-0.064615
0.35519,-0.064611
0.3554,-0.064607
0.35561,-0.064603
0.35581,-0.064599
0.35602,-0.064595
0.35622,-0.064591
0.35643,-0.064586
0.35664,-0.064582
0.35684,-0.064578
0.35705,-0.064573
0.35725,-0.064569
0.35746,-0.064565
0.35767,-0.06456
0.35787,-0.064556
0.35808,-0.064551
0.35828,-0.064547
0.35849,-0.064542
0.3587,-0.064538
0.3589,-0.064533
0.35911,-0.064529
0.35931,-0.064524
0.35952,-0.064519
0.35973,-0.064514
0.35993,-0.06451
0.36014,-0.064505
0.36034,-0.0645
0.36055,-0.064495
0.36076,-0.06449
0.36096,-0.064485
0.36117,-0.06448
0.36137,-0.064475
0.36158,-0.06447
0.36179,-0.064465
0.36199,-0.06446
0.3622,-0.064455
0.3624,-0.06445
0.36261,-0.064445
0.36282,-0.06444
0.36302,-0.064435
0.36323,-0.06443
0.36343,-0.064424
0.36364,-0.064419
0.36385,-0.064414
0.36405,-0.064408
0.36426,-0.064403
0.36446,-0.064398
0.36467,-0.064392
0.36488,-0.064387
0.36508,-0.064382
0.36529,-0.064376
0.36549,-0.064371
0.3657,-0.064365
0.36591,-0.06436
0.36611,-0.064354
0.36632,-0.064349
0.36652,-0.064343
0.36673,-0.064338
0.36694,-0.064332
0.36714,-0.064326
0.36735,-0.064321
0.36755,-0.064315
0.36776,-0.064309
0.36797,-0.064304
0.36817,-0.064298
0.36838,-0.064292
0.36858,-0.064286
0.36879,-0.064281
0.369,-0.064275
0.3692,-0.064269
0.36941,-0.064263
0.36961,-0.064257
0.36982,-0.064251
0.37003,-0.064246
0.37023,-0.06424
0.37044,-0.064234
0.37064,-0.064228
0.37085,-0.064222
0.37106,-0.064216
0.37126,-0.06421
0.37147,-0.064204
0.37167,-0.064198
0.37188,-0.064192
0.37209,-0.064186
0.37229,-0.06418
0.3725,-0.064174
0.3727,-0.064168
0.37291,-0.064162
0.37312,-0.064156
0.37332,-0.06415
0.37353,-0.064144
0.37373,-0.064138
0.37394,-0.064132
0.37415,-0.064125
0.37435,-0.064119
0.37456,-0.064113
0.37476,-0.064107
0.37497,-0.064101
0.37518,-0.064095
0.37538,-0.064089
0.37559,-0.064082
0.37579,-0.064076
0.376,-0.06407
0.37621,-0.064064
0.37641,-0.064058
0.37662,-0.064051
0.37682,-0.064045
0.37703,-0.064039
0.37724,-0.064033
0.37744,-0.064026
0.37765,-0.06402
0.37785,-0.064014
0.37806,-0.064007
0.37827,-0.064001
0.37847,-0.063995
0.37868,-0.063988
0.37888,-0.063982
0.37909,-0.063976
0.3793,-0.063969
0.3795,-0.063963
0.37971,-0.063957
0.37991,-0.06395
0.38012,-0.063944
0.38033,-0.063937
0.38053,-0.063931
0.38074,-0.063924
0.38094,-0.063918
0.38115,-0.063911
0.38136,-0.063905
0.38156,-0.063898
0.38177,-0.063892
0.38197,-0.063885
0.38218,-0.063878
0.38239,-0.063872
0.38259,-0.063865
0.3828,-0.063858
0.383,-0.063852
0.38321,-0.063845
0.38342,-0.063838
0.38362,-0.063831
0.38383,-0.063825
0.38403,-0.063818
0.38424,-0.063811
0.38445,-0.063804
0.38465,-0.063797
0.38486,-0.06379
0.38506,-0.063784
0.38527,-0.063777
0.38548,-0.06377
0.38568,-0.063763
0.38589,-0.063756
0.38609,-0.063749
0.3863,-0.063742
0.38651,-0.063735
0.38671,-0.063727
0.38692,-0.06372
0.38712,-0.063713
0.38733,-0.063706
0.38753,-0.063699
0.38774,-0.063691
0.38795,-0.063684
0.38815,-0.063677
0.38836,-0.06367
0.38856,-0.063662
0.38877,-0.063655
0.38898,-0.063647
0.38918,-0.06364
0.38939,-0.063633
0.38959,-0.063625
0.3898,-0.063618
0.39001,-0.06361
0.39021,-0.063602
0.39042,-0.063595
0.39062,-0.063587
0.39083,-0.063579
0.39104,-0.063572
0.39124,-0.063564
0.39145,-0.063556
0.39165,-0.063548
0.39186,-0.063541
0.39207,-0.063533
0.39227,-0.063525
0.39248,-0.063517
0.39268,-0.063509
0.39289,-0.063501
0.3931,-0.063493
0.3933,-0.063485
0.39351,-0.063476
0.39371,-0.063468
0.39392,-0.06346
0.39412,-0.063452
0.39433,-0.063444
0.39454,-0.063435
0.39474,-0.063427
0.39495,-0.063419
0.39515,-0.06341
0.39536,-0.063402
0.39557,-0.063393
0.39577,-0.063385
0.39598,-0.063376
0.39618,-0.063367
0.39639,-0.063359
0.3966,-0.06335
0.3968,-0.063341
0.39701,-0.063333
0.39721,-0.063324
0.39742,-0.063315
0.39762,-0.063306
0.39783,-0.063297
0.39804,-0.063288
0.39824,-0.063279
0.39845,-0.06327
0.39865,-0.063261
0.39886,-0.063252
0.39907,-0.063242
0.39927,-0.063233
0.39948,-0.063224
0.39968,-0.063214
0.39989,-0.063205
0.4001,-0.063196
0.4003,-0.063186
0.40051,-0.063177
0.40071,-0.063167
0.40092,-0.063157
0.40112,-0.063148
0.40133,-0.063138
0.40154,-0.063128
0.40174,-0.063118
0.40195,-0.063109
0.40215,-0.063099
0.40236,-0.063089
0.40257,-0.063079
0.40277,-0.063069
0.40298,-0.063059
0.40318,-0.063049
0.40339,-0.063039
0.40359,-0.063028
0.4038,-0.063018
0.40401,-0.063008
0.40421,-0.062998
0.40442,-0.062987
0.40462,-0.062977
0.40483,-0.062966
0.40504,-0.062956
0.40524,-0.062945
0.40545,-0.062935
0.40565,-0.062924
0.40586,-0.062914
0.40606,-0.062903
0.40627,-0.062892
0.40648,-0.062882
0.40668,-0.062871
0.40689,-0.06286
0.40709,-0.062849
0.4073,-0.062838
0.4075,-0.062827
0.40771,-0.062817
0.40792,-0.062806
0.40812,-0.062795
0.40833,-0.062783
0.40853,-0.062772
0.40874,-0.062761
0.40895,-0.06275
0.40915,-0.062739
0.40936,-0.062728
0.40956,-0.062716
0.40977,-0.062705
0.40997,-0.062694
0.41018,-0.062683
0.41039,-0.062671
0.41059,-0.06266
0.4108,-0.062648
0.411,-0.062637
0.41121,-0.062625
0.41141,-0.062614
0.41162,-0.062602
0.41183,-0.062591
0.41203,-0.062579
0.41224,-0.062567
0.41244,-0.062556
0.41265,-0.062544
0.41285,-0.062532
0.41306,-0.06252
0.41327,-0.062509
0.41347,-0.062497
0.41368,-0.062485
0.41388,-0.062473
0.41409,-0.062461
0.41429,-0.062449
0.4145,-0.062437
0.41471,-0.062425
0.41491,-0.062413
0.41512,-0.062401
0.41532,-0.062389
0.41553,-0.062377
0.41574,-0.062365
0.41594,-0.062353
0.41615,-0.062341
0.41635,-0.062329
0.41656,-0.062317
0.41676,-0.062304
0.41697,-0.062292
0.41718,-0.06228
0.41738,-0.062268
0.41759,-0.062255
0.41779,-0.062243
0.418,-0.062231
0.4182,-0.062218
0.41841,-0.062206
0.41862,-0.062193
0.41882,-0.062181
0.41903,-0.062169
0.41923,-0.062156
0.41944,-0.062144
0.41964,-0.062131
0.41985,-0.062119
0.42005,-0.062106
0.42026,-0.062093
0.42047,-0.062081
0.42067,-0.062068
0.42088,-0.062056
0.42108,-0.062043
0.42129,-0.06203
0.42149,-0.062018
0.4217,-0.062005
0.42191,-0.061992
0.42211,-0.06198
0.42232,-0.061967
0.42252,-0.061954
0.42273,-0.061942
0.42293,-0.061929
0.42314,-0.061916
0.42335,-0.061903
0.42355,-0.06189
0.42376,-0.061878
0.42396,-0.061865
0.42417,-0.061852
0.42437,-0.061839
0.42458,-0.061826
0.42479,-0.061813
0.42499,-0.061801
0.4252,-0.061788
0.4254,-0.061775
0.42561,-0.061762
0.42581,-0.061749
0.42602,-0.061736
0.42623,-0.061723
0.42643,-0.06171
0.42664,-0.061697
0.42684,-0.061684
0.42705,-0.061671
0.42725,-0.061658
0.42746,-0.061645
0.42767,-0.061632
0.42787,-0.061619
0.42808,-0.061606
0.42828,-0.061593
0.42849,-0.06158
0.42869,-0.061567
0.4289,-0.061554
0.4291,-0.06154
0.42931,-0.061527
0.42952,-0.061514
0.42972,-0.061501
0.42993,-0.061488
0.43013,-0.061475
0.43034,-0.061461
0.43054,-0.061448
0.43075,-0.061435
0.43096,-0.061422
0.43116,-0.061408
0.43137,-0.061395
0.43157,-0.061382
0.43178,-0.061368
0.43198,-0.061355
0.43219,-0.061342
0.4324,-0.061328
0.4326,-0.061315
0.43281,-0.061302
0.43301,-0.061288
0.43322,-0.061275
0.43342,-0.061261
0.43363,-0.061248
0.43383,-0.061234
0.43404,-0.061221
0.43425,-0.061207
0.43445,-0.061194
0.43466,-0.06118
0.43486,-0.061166
0.43507,-0.061153
0.43527,-0.061139
0.43548,-0.061126
0.43569,-0.061112
0.43589,-0.061098
0.4361,-0.061084
0.4363,-0.061071
0.43651,-0.061057
0.43671,-0.061043
0.43692,-0.061029
0.43712,-0.061016
0.43733,-0.061002
0.43754,-0.060988
0.43774,-0.060974
0.43795,-0.06096
0.43815,-0.060946
0.43836,-0.060932
0.43856,-0.060918
0.43877,-0.060904
0.43898,-0.06089
0.43918,-0.060876
0.43939,-0.060862
0.43959,-0.060848
0.4398,-0.060834
0.44,-0.06082
0.44021,-0.060806
0.44041,-0.060791
0.44062,-0.060777
0.44083,-0.060763
0.44103,-0.060749
0.44124,-0.060734
0.44144,-0.06072
0.44165,-0.060706
0.44185,-0.060691
0.44206,-0.060677
0.44226,-0.060663
0.44247,-0.060648
0.44268,-0.060634
0.44288,-0.060619
0.44309,-0.060605
0.44329,-0.06059
0.4435,-0.060576
0.4437,-0.060561
0.44391,-0.060546
0.44411,-0.060532
0.44432,-0.060517
0.44453,-0.060502
0.44473,-0.060488
0.44494,-0.060473
0.44514,-0.060458
0.44535,-0.060443
0.44555,-0.060429
0.44576,-0.060414
0.44596,-0.060399
0.44617,-0.060384
0.44638,-0.060369
0.44658,-0.060354
0.44679,-0.060339
0.44699,-0.060324
0.4472,-0.060309
0.4474,-0.060294
0.44761,-0.060278
0.44781,-0.060263
0.44802,-0.060248
0.44823,-0.060233
0.44843,-0.060218
0.44864,-0.060202
0.44884,-0.060187
0.44905,-0.060172
0.44925,-0.060156
0.44946,-0.060141
0.44966,-0.060125
0.44987,-0.06011
0.45007,-0.060094
0.45028,-0.060079
0.45049,-0.060063
0.45069,-0.060048
0.4509,-0.060032
0.4511,-0.060016
0.45131,-0.060001
0.45151,-0.059985
0.45172,-0.059969
0.45192,-0.059953
0.45213,-0.059937
0.45233,-0.059922
0.45254,-0.059906
0.45275,-0.05989
0.45295,-0.059874
0.45316,-0.059858
0.45336,-0.059842
0.45357,-0.059826
0.45377,-0.05981
0.45398,-0.059793
0.45418,-0.059777
0.45439,-0.059761
0.45459,-0.059745
0.4548,-0.059729
0.45501,-0.059712
0.45521,-0.059696
0.45542,-0.05968
0.45562,-0.059663
0.45583,-0.059647
0.45603,-0.059631
0.45624,-0.059614
0.45644,-0.059598
0.45665,-0.059581
0.45685,-0.059565
0.45706,-0.059548
0.45727,-0.059531
0.45747,-0.059515
0.45768,-0.059498
0.45788,-0.059481
0.45809,-0.059465
0.45829,-0.059448
0.4585,-0.059431
0.4587,-0.059414
0.45891,-0.059398
0.45911,-0.059381
0.45932,-0.059364
0.45952,-0.059347
0.45973,-0.05933
0.45994,-0.059313
0.46014,-0.059296
0.46035,-0.059279
0.46055,-0.059262
0.46076,-0.059245
0.46096,-0.059228
0.46117,-0.059211
0.46137,-0.059193
0.46158,-0.059176
0.46178,-0.059159
0.46199,-0.059142
0.46219,-0.059125
0.4624,-0.059107
0.46261,-0.05909
0.46281,-0.059073
0.46302,-0.059055
0.46322,-0.059038
0.46343,-0.05902
0.46363,-0.059003
0.46384,-0.058986
0.46404,-0.058968
0.46425,-0.058951
0.46445,-0.058933
0.46466,-0.058915
0.46486,-0.058898
0.46507,-0.05888
0.46527,-0.058863
0.46548,-0.058845
0.46569,-0.058827
0.46589,-0.058809
0.4661,-0.058792
0.4663,-0.058774
0.46651,-0.058756
0.46671,-0.058738
0.46692,-0.05872
0.46712,-0.058703
0.46733,-0.058685
0.46753,-0.058667
0.46774,-0.058649
0.46794,-0.058631
0.46815,-0.058613
0.46835,-0.058595
0.46856,-0.058577
0.46876,-0.058559
0.46897,-0.058541
0.46918,-0.058523
0.46938,-0.058505
0.46959,-0.058486
0.46979,-0.058468
0.47,-0.05845
0.4702,-0.058432
0.47041,-0.058414
0.47061,-0.058395
0.47082,-0.058377
0.47102,-0.058359
0.47123,-0.05834
0.47143,-0.058322
0.47164,-0.058304
0.47184,-0.058285
0.47205,-0.058267
0.47225,-0.058249
0.47246,-0.05823
0.47266,-0.058212
0.47287,-0.058193
0.47308,-0.058175
0.47328,-0.058156
0.47349,-0.058137
0.47369,-0.058119
0.4739,-0.0581
0.4741,-0.058082
0.47431,-0.058063
0.47451,-0.058044
0.47472,-0.058026
0.47492,-0.058007
0.47513,-0.057988
0.47533,-0.05797
0.47554,-0.057951
0.47574,-0.057932
0.47595,-0.057913
0.47615,-0.057894
0.47636,-0.057876
0.47656,-0.057857
0.47677,-0.057838
0.47697,-0.057819
0.47718,-0.0578
0.47739,-0.057781
0.47759,-0.057762
0.4778,-0.057743
0.478,-0.057724
0.47821,-0.057705
0.47841,-0.057686
0.47862,-0.057667
0.47882,-0.057648
0.47903,-0.057629
0.47923,-0.05761
0.47944,-0.057591
0.47964,-0.057572
0.47985,-0.057553
0.48005,-0.057534
0.48026,-0.057514
0.48046,-0.057495
0.48067,-0.057476
0.48087,-0.057457
0.48108,-0.057437
0.48128,-0.057418
0.48149,-0.057399
0.48169,-0.05738
0.4819,-0.05736
0.4821,-0.057341
0.48231,-0.057322
0.48251,-0.057302
0.48272,-0.057283
0.48293,-0.057263
0.48313,-0.057244
0.48334,-0.057225
0.48354,-0.057205
0.48375,-0.057186
0.48395,-0.057166
0.48416,-0.057147
0.48436,-0.057127
0.48457,-0.057108
0.48477,-0.057088
0.48498,-0.057069
0.48518,-0.057049
0.48539,-0.057029
0.48559,-0.05701
0.4858,-0.05699
0.486,-0.056971
0.48621,-0.056951
0.48641,-0.056931
0.48662,-0.056912
0.48682,-0.056892
0.48703,-0.056872
0.48723,-0.056852
0.48744,-0.056833
0.48764,-0.056813
0.48785,-0.056793
0.48805,-0.056773
0.48826,-0.056754
0.48846,-0.056734
0.48867,-0.056714
0.48887,-0.056694
0.48908,-0.056674
0.48928,-0.056654
0.48949,-0.056635
0.48969,-0.056615
0.4899,-0.056595
0.49011,-0.056575
0.49031,-0.056555
0.49052,-0.056535
0.49072,-0.056515
0.49093,-0.056495
0.49113,-0.056475
0.49134,-0.056455
0.49154,-0.056435
0.49175,-0.056415
0.49195,-0.056395
0.49216,-0.056375
0.49236,-0.056355
0.49257,-0.056335
0.49277,-0.056315
0.49298,-0.056295
0.49318,-0.056275
0.49339,-0.056255
0.49359,-0.056234
0.4938,-0.056214
0.494,-0.056194
0.49421,-0.056174
0.49441,-0.056154
0.49462,-0.056134
0.49482,-0.056113
0.49503,-0.056093
0.49523,-0.056073
0.49544,-0.056053
0.49564,-0.056032
0.49585,-0.056012
0.49605,-0.055992
0.49626,-0.055972
0.49646,-0.055951
0.49667,-0.055931
0.49687,-0.055911
0.49708,-0.055891
0.49728,-0.05587
0.49749,-0.05585
0.49769,-0.05583
0.4979,-0.055809
0.4981,-0.055789
0.49831,-0.055768
0.49851,-0.055748
0.49872,-0.055728
0.49892,-0.055707
0.49913,-0.055687
0.49933,-0.055666
0.49954,-0.055646
0.49974,-0.055626
0.49995,-0.055605
0.50015,-0.055585
0.50036,-0.055564
0.50056,-0.055544
0.50077,-0.055523
0.50097,-0.055503
0.50118,-0.055482
0.50138,-0.055462
0.50159,-0.055441
0.50179,-0.055421
0.502,-0.0554
0.5022,-0.05538
0.50241,-0.055359
0.50261,-0.055338
0.50282,-0.055318
0.50302,-0.055297
0.50323,-0.055277
0.50343,-0.055256
0.50364,-0.055235
0.50384,-0.055215
0.50405,-0.055194
0.50426,-0.055173
0.50446,-0.055153
0.50467,-0.055132
0.50487,-0.055111
0.50508,-0.055091
0.50528,-0.05507
0.50549,-0.055049
0.50569,-0.055028
0.5059,-0.055008
0.5061,-0.054987
0.50631,-0.054966
0.50651,-0.054945
0.50672,-0.054924
0.50692,-0.054904
0.50713,-0.054883
0.50733,-0.054862
0.50754,-0.054841
0.50774,-0.05482
0.50795,-0.054799
0.50815,-0.054778
0.50836,-0.054758
0.50856,-0.054737
0.50877,-0.054716
0.50897,-0.054695
0.50918,-0.054674
0.50938,-0.054653
0.50959,-0.054632
0.50979,-0.054611
0.51,-0.05459
0.5102,-0.054569
0.51041,-0.054548
0.51061,-0.054526
0.51082,-0.054505
0.51102,-0.054484
0.51123,-0.054463
0.51143,-0.054442
0.51164,-0.054421
0.51184,-0.0544
0.51205,-0.054378
0.51225,-0.054357
0.51246,-0.054336
0.51266,-0.054315
0.51287,-0.054293
0.51307,-0.054272
0.51328,-0.054251
0.51348,-0.05423
0.51369,-0.054208
0.51389,-0.054187
0.5141,-0.054166
0.5143,-0.054144
0.51451,-0.054123
0.51471,-0.054101
0.51492,-0.05408
0.51512,-0.054058
0.51533,-0.054037
0.51553,-0.054015
0.51573,-0.053994
0.51594,-0.053972
0.51614,-0.053951
0.51635,-0.053929
0.51655,-0.053908
0.51676,-0.053886
0.51696,-0.053865
0.51717,-0.053843
0.51737,-0.053821
0.51758,-0.0538
0.51778,-0.053778
0.51799,-0.053756
0.51819,-0.053734
0.5184,-0.053713
0.5186,-0.053691
0.51881,-0.053669
0.51901,-0.053647
0.51922,-0.053625
0.51942,-0.053604
0.51963,-0.053582
0.51983,-0.05356
0.52004,-0.053538
0.52024,-0.053516
0.52045,-0.053494
0.52065,-0.053472
0.52086,-0.05345
0.52106,-0.053428
0.52127,-0.053406
0.52147,-0.053384
0.52168,-0.053362
0.52188,-0.053339
0.52209,-0.053317
0.52229,-0.053295
0.5225,-0.053273
0.5227,-0.053251
0.52291,-0.053229
0.52311,-0.053206
0.52332,-0.053184
0.52352,-0.053162
0.52373,-0.053139
0.52393,-0.053117
0.52414,-0.053095
0.52434,-0.053072
0.52455,-0.05305
0.52475,-0.053027
0.52496,-0.053005
0.52516,-0.052982
0.52537,-0.05296
0.52557,-0.052937
0.52578,-0.052915
0.52598,-0.052892
0.52618,-0.05287
0.52639,-0.052847
0.52659,-0.052824
0.5268,-0.052802
0.527,-0.052779
0.52721,-0.052756
0.52741,-0.052733
0.52762,-0.052711
0.52782,-0.052688
0.52803,-0.052665
0.52823,-0.052642
0.52844,-0.052619
0.52864,-0.052596
0.52885,-0.052573
0.52905,-0.05255
0.52926,-0.052527
0.52946,-0.052504
0.52967,-0.052481
0.52987,-0.052458
0.53008,-0.052435
0.53028,-0.052412
0.53049,-0.052389
0.53069,-0.052366
0.5309,-0.052343
0.5311,-0.05232
0.5313,-0.052297
0.53151,-0.052273
0.53171,-0.05225
0.53192,-0.052227
0.53212,-0.052204
0.53233,-0.05218
0.53253,-0.052157
0.53274,-0.052134
0.53294,-0.05211
0.53315,-0.052087
0.53335,-0.052064
0.53356,-0.05204
0.53376,-0.052017
0.53397,-0.051993
0.53417,-0.05197
0.53438,-0.051946
0.53458,-0.051923
0.53479,-0.051899
0.53499,-0.051876
0.5352,-0.051852
0.5354,-0.051828
0.5356,-0.051805
0.53581,-0.051781
0.53601,-0.051758
0.53622,-0.051734
0.53642,-0.05171
0.53663,-0.051686
0.53683,-0.051663
0.53704,-0.051639
0.53724,-0.051615
0.53745,-0.051591
0.53765,-0.051568
0.53786,-0.051544
0.53806,-0.05152
0.53827,-0.051496
0.53847,-0.051472
0.53868,-0.051448
0.53888,-0.051424
0.53908,-0.0514
0.53929,-0.051376
0.53949,-0.051353
0.5397,-0.051329
0.5399,-0.051305
0.54011,-0.051281
0.54031,-0.051256
0.54052,-0.051232
0.54072,-0.051208
0.54093,-0.051184
0.54113,-0.05116
0.54134,-0.051136
0.54154,-0.051112
0.54174,-0.051088
0.54195,-0.051064
0.54215,-0.051039
0.54236,-0.051015
0.54256,-0.050991
0.54277,-0.050967
0.54297,-0.050942
0.54318,-0.050918
0.54338,-0.050894
0.54359,-0.05087
0.54379,-0.050845
0.544,-0.050821
0.5442,-0.050796
0.54441,-0.050772
0.54461,-0.050748
0.54481,-0.050723
0.54502,-0.050699
0.54522,-0.050674
0.54543,-0.05065
0.54563,-0.050626
0.54584,-0.050601
0.54604,-0.050577
0.54625,-0.050552
0.54645,-0.050528
0.54666,-0.050503
0.54686,-0.050478
0.54707,-0.050454
0.54727,-0.050429
0.54747,-0.050405
0.54768,-0.05038
0.54788,-0.050355
0.54809,-0.050331
0.54829,-0.050306
0.5485,-0.050282
0.5487,-0.050257
0.54891,-0.050232
0.54911,-0.050207
0.54932,-0.050183
0.54952,-0.050158
0.54973,-0.050133
0.54993,-0.050109
0.55013,-0.050084
0.55034,-0.050059
0.55054,-0.050034
0.55075,-0.050009
0.55095,-0.049985
0.55116,-0.04996
0.55136,-0.049935
0.55157,-0.04991
0.55177,-0.049885
0.55198,-0.04986
0.55218,-0.049835
0.55238,-0.04981
0.55259,-0.049786
0.55279,-0.049761
0.553,-0.049736
0.5532,-0.049711
0.55341,-0.049686
0.55361,-0.049661
0.55382,-0.049636
0.55402,-0.049611
0.55423,-0.049586
0.55443,-0.049561
0.55463,-0.049536
0.55484,-0.049511
0.55504,-0.049486
0.55525,-0.04946
0.55545,-0.049435
0.55566,-0.04941
0.55586,-0.049385
0.55607,-0.04936
0.55627,-0.049335
0.55648,-0.04931
0.55668,-0.049285
0.55688,-0.04926
0.55709,-0.049234
0.55729,-0.049209
0.5575,-0.049184
0.5577,-0.049159
0.55791,-0.049134
0.55811,-0.049108
0.55832,-0.049083
0.55852,-0.049058
0.55873,-0.049033
0.55893,-0.049007
0.55913,-0.048982
0.55934,-0.048957
0.55954,-0.048932
0.55975,-0.048906
0.55995,-0.048881
0.56016,-0.048856
0.56036,-0.04883
0.56057,-0.048805
0.56077,-0.04878
0.56098,-0.048754
0.56118,-0.048729
0.56138,-0.048704
0.56159,-0.048678
0.56179,-0.048653
0.562,-0.048628
0.5622,-0.048602
0.56241,-0.048577
0.56261,-0.048551
0.56282,-0.048526
0.56302,-0.0485
0.56322,-0.048475
0.56343,-0.04845
0.56363,-0.048424
0.56384,-0.048399
0.56404,-0.048373
0.56425,-0.048348
0.56445,-0.048322
0.56466,-0.048297
0.56486,-0.048271
0.56507,-0.048246
0.56527,-0.04822
0.56547,-0.048195
0.56568,-0.048169
0.56588,-0.048144
0.56609,-0.048118
0.56629,-0.048093
0.5665,-0.048067
0.5667,-0.048042
0.56691,-0.048016
0.56711,-0.04799
0.56731,-0.047965
0.56752,-0.047939
0.56772,-0.047914
0.56793,-0.047888
0.56813,-0.047863
0.56834,-0.047837
0.56854,-0.047811
0.56875,-0.047786
0.56895,-0.04776
0.56915,-0.047734
0.56936,-0.047709
0.56956,-0.047683
0.56977,-0.047658
0.56997,-0.047632
0.57018,-0.047606
0.57038,-0.047581
0.57059,-0.047555
0.57079,-0.047529
0.571,-0.047504
0.5712,-0.047478
0.5714,-0.047452
0.57161,-0.047427
0.57181,-0.047401
0.57202,-0.047375
0.57222,-0.047349
0.57243,-0.047324
0.57263,-0.047298
0.57284,-0.047272
0.57304,-0.047247
0.57324,-0.047221
0.57345,-0.047195
0.57365,-0.047169
0.57386,-0.047144
0.57406,-0.047118
0.57427,-0.047092
0.57447,-0.047067
0.57468,-0.047041
0.57488,-0.047015
0.57508,-0.046989
0.57529,-0.046964
0.57549,-0.046938
0.5757,-0.046912
0.5759,-0.046886
0.57611,-0.046861
0.57631,-0.046835
0.57652,-0.046809
0.57672,-0.046783
0.57692,-0.046757
0.57713,-0.046732
0.57733,-0.046706
0.57754,-0.04668
0.57774,-0.046654
0.57795,-0.046629
0.57815,-0.046603
0.57836,-0.046577
0.57856,-0.046551
0.57877,-0.046525
0.57897,-0.046499
0.57917,-0.046474
0.57938,-0.046448
0.57958,-0.046422
0.57979,-0.046396
0.57999,-0.04637
0.5802,-0.046344
0.5804,-0.046319
0.58061,-0.046293
0.58081,-0.046267
0.58101,-0.046241
0.58122,-0.046215
0.58142,-0.046189
0.58163,-0.046163
0.58183,-0.046137
0.58204,-0.046112
0.58224,-0.046086
0.58245,-0.04606
0.58265,-0.046034
0.58285,-0.046008
0.58306,-0.045982
0.58326,-0.045956
0.58347,-0.04593
0.58367,-0.045904
0.58388,-0.045878
0.58408,-0.045852
0.58429,-0.045826
0.58449,-0.0458
0.58469,-0.045774
0.5849,-0.045748
0.5851,-0.045722
0.58531,-0.045696
0.58551,-0.04567
0.58572,-0.045644
0.58592,-0.045618
0.58613,-0.045592
0.58633,-0.045566
0.58653,-0.04554
0.58674,-0.045514
0.58694,-0.045488
0.58715,-0.045462
0.58735,-0.045436
0.58756,-0.045409
0.58776,-0.045383
0.58796,-0.045357
0.58817,-0.045331
0.58837,-0.045305
0.58858,-0.045279
0.58878,-0.045253
0.58899,-0.045226
0.58919,-0.0452
0.5894,-0.045174
0.5896,-0.045148
0.5898,-0.045122
0.59001,-0.045096
0.59021,-0.045069
0.59042,-0.045043
0.59062,-0.045017
0.59083,-0.044991
0.59103,-0.044964
0.59124,-0.044938
0.59144,-0.044912
0.59164,-0.044885
0.59185,-0.044859
0.59205,-0.044833
0.59226,-0.044806
0.59246,-0.04478
0.59267,-0.044754
0.59287,-0.044727
0.59307,-0.044701
0.59328,-0.044675
0.59348,-0.044648
0.59369,-0.044622
0.59389,-0.044595
0.5941,-0.044569
0.5943,-0.044543
0.59451,-0.044516
0.59471,-0.04449
0.59491,-0.044463
0.59512,-0.044437
0.59532,-0.04441
0.59553,-0.044384
0.59573,-0.044357
0.59594,-0.044331
0.59614,-0.044304
0.59634,-0.044277
0.59655,-0.044251
0.59675,-0.044224
0.59696,-0.044198
0.59716,-0.044171
0.59737,-0.044144
0.59757,-0.044118
0.59778,-0.044091
0.59798,-0.044064
0.59818,-0.044038
0.59839,-0.044011
0.59859,-0.043984
0.5988,-0.043958
0.599,-0.043931
0.59921,-0.043904
0.59941,-0.043877
0.59961,-0.043851
0.59982,-0.043824
0.60002,-0.043797
0.60023,-0.04377
0.60043,-0.043743
0.60064,-0.043716
0.60084,-0.04369
0.60104,-0.043663
0.60125,-0.043636
0.60145,-0.043609
0.60166,-0.043582
0.60186,-0.043555
0.60207,-0.043528
0.60227,-0.043501
0.60247,-0.043474
0.60268,-0.043447
0.60288,-0.04342
0.60309,-0.043393
0.60329,-0.043366
0.6035,-0.043339
0.6037,-0.043312
0.6039,-0.043285
0.60411,-0.043258
0.60431,-0.043231
0.60452,-0.043203
0.60472,-0.043176
0.60493,-0.043149
0.60513,-0.043122
0.60533,-0.043095
0.60554,-0.043068
0.60574,-0.04304
0.60595,-0.043013
0.60615,-0.042986
0.60636,-0.042959
0.60656,-0.042931
0.60676,-0.042904
0.60697,-0.042877
0.60717,-0.042849
0.60738,-0.042822
0.60758,-0.042795
0.60779,-0.042767
0.60799,-0.04274
0.60819,-0.042712
0.6084,-0.042685
0.6086,-0.042658
0.60881,-0.04263
0.60901,-0.042603
0.60922,-0.042575
0.60942,-0.042548
0.60962,-0.04252
0.60983,-0.042493
0.61003,-0.042465
0.61024,-0.042438
0.61044,-0.04241
0.61064,-0.042382
0.61085,-0.042355
0.61105,-0.042327
0.61126,-0.042299
0.61146,-0.042272
0.61167,-0.042244
0.61187,-0.042216
0.61207,-0.042189
0.61228,-0.042161
0.61248,-0.042133
0.61269,-0.042105
0.61289,-0.042078
0.6131,-0.04205
0.6133,-0.042022
0.6135,-0.041994
0.61371,-0.041966
0.61391,-0.041939
0.61412,-0.041911
0.61432,-0.041883
0.61452,-0.041855
0.61473,-0.041827
0.61493,-0.041799
0.61514,-0.041771
0.61534,-0.041743
0.61555,-0.041715
0.61575,-0.041687
0.61595,-0.041659
0.61616,-0.041631
0.61636,-0.041603
0.61657,-0.041575
0.61677,-0.041547
0.61697,-0.041519
0.61718,-0.041491
0.61738,-0.041462
0.61759,-0.041434
0.61779,-0.041406
0.618,-0.041378
0.6182,-0.04135
0.6184,-0.041322
0.61861,-0.041293
0.61881,-0.041265
0.61902,-0.041237
0.61922,-0.041208
0.61942,-0.04118
0.61963,-0.041152
0.61983,-0.041123
0.62004,-0.041095
0.62024,-0.041067
0.62045,-0.041038
0.62065,-0.04101
0.62085,-0.040981
0.62106,-0.040953
0.62126,-0.040925
0.62147,-0.040896
0.62167,-0.040868
0.62187,-0.040839
0.62208,-0.040811
0.62228,-0.040782
0.62249,-0.040753
0.62269,-0.040725
0.62289,-0.040696
0.6231,-0.040668
0.6233,-0.040639
0.62351,-0.04061
0.62371,-0.040582
0.62391,-0.040553
0.62412,-0.040524
0.62432,-0.040495
0.62453,-0.040467
0.62473,-0.040438
0.62493,-0.040409
0.62514,-0.04038
0.62534,-0.040352
0.62555,-0.040323
0.62575,-0.040294
0.62596,-0.040265
0.62616,-0.040236
0.62636,-0.040207
0.62657,-0.040178
0.62677,-0.040149
0.62698,-0.04012
0.62718,-0.040091
0.62738,-0.040062
0.62759,-0.040033
0.62779,-0.040004
0.628,-0.039975
0.6282,-0.039946
0.6284,-0.039917
0.62861,-0.039888
0.62881,-0.039859
0.62902,-0.03983
0.62922,-0.039801
0.62942,-0.039772
0.62963,-0.039743
0.62983,-0.039713
0.63004,-0.039684
0.63024,-0.039655
0.63044,-0.039626
0.63065,-0.039597
0.63085,-0.039567
0.63106,-0.039538
0.63126,-0.039509
0.63146,-0.03948
0.63167,-0.03945
0.63187,-0.039421
0.63208,-0.039392
0.63228,-0.039363
0.63248,-0.039333
0.63269,-0.039304
0.63289,-0.039275
0.6331,-0.039245
0.6333,-0.039216
0.6335,-0.039187
0.63371,-0.039157
0.63391,-0.039128
0.63412,-0.039099
0.63432,-0.039069
0.63452,-0.03904
0.63473,-0.03901
0.63493,-0.038981
0.63514,-0.038951
0.63534,-0.038922
0.63554,-0.038893
0.63575,-0.038863
0.63595,-0.038834
0.63616,-0.038804
0.63636,-0.038775
0.63656,-0.038745
0.63677,-0.038716
0.63697,-0.038686
0.63718,-0.038657
0.63738,-0.038627
0.63758,-0.038598
0.63779,-0.038568
0.63799,-0.038539
0.63819,-0.038509
0.6384,-0.03848
0.6386,-0.03845
0.63881,-0.038421
0.63901,-0.038391
0.63921,-0.038362
0.63942,-0.038332
0.63962,-0.038303
0.63983,-0.038273
0.64003,-0.038243
0.64023,-0.038214
0.64044,-0.038184
0.64064,-0.038155
0.64085,-0.038125
0.64105,-0.038096
0.64125,-0.038066
0.64146,-0.038037
0.64166,-0.038007
0.64187,-0.037977
0.64207,-0.037948
0.64227,-0.037918
0.64248,-0.037889
0.64268,-0.037859
0.64289,-0.03783
0.64309,-0.0378
0.64329,-0.03777
0.6435,-0.037741
0.6437,-0.037711
0.64391,-0.037682
0.64411,-0.037652
0.64431,-0.037623
0.64452,-0.037593
0.64472,-0.037564
0.64493,-0.037534
0.64513,-0.037504
0.64533,-0.037475
0.64554,-0.037445
0.64574,-0.037416
0.64594,-0.037386
0.64615,-0.037357
0.64635,-0.037327
0.64656,-0.037298
0.64676,-0.037268
0.64696,-0.037239
0.64717,-0.037209
0.64737,-0.03718
0.64758,-0.03715
0.64778,-0.037121
0.64798,-0.037091
0.64819,-0.037062
0.64839,-0.037032
0.6486,-0.037003
0.6488,-0.036973
0.649,-0.036944
0.64921,-0.036914
0.64941,-0.036885
0.64962,-0.036855
0.64982,-0.036826
0.65002,-0.036797
0.65023,-0.036767
0.65043,-0.036738
0.65064,-0.036708
0.65084,-0.036679
0.65104,-0.03665
0.65125,-0.03662
0.65145,-0.036591
0.65166,-0.036561
0.65186,-0.036532
0.65206,-0.036503
0.65227,-0.036473
0.65247,-0.036444
0.65268,-0.036415
0.65288,-0.036385
0.65308,-0.036356
0.65329,-0.036327
0.65349,-0.036297
0.6537,-0.036268
0.6539,-0.036239
0.6541,-0.036209
0.65431,-0.03618
0.65451,-0.036151
0.65472,-0.036121
0.65492,-0.036092
0.65512,-0.036063
0.65533,-0.036034
0.65553,-0.036004
0.65574,-0.035975
0.65594,-0.035946
0.65614,-0.035916
0.65635,-0.035887
0.65655,-0.035858
0.65676,-0.035829
0.65696,-0.035799
0.65716,-0.03577
0.65737,-0.035741
0.65757,-0.035712
0.65778,-0.035682
0.65798,-0.035653
0.65818,-0.035624
0.65839,-0.035595
0.65859,-0.035565
0.6588,-0.035536
0.659,-0.035507
0.6592,-0.035478
0.65941,-0.035448
0.65961,-0.035419
0.65982,-0.03539
0.66002,-0.035361
0.66022,-0.035331
0.66043,-0.035302
0.66063,-0.035273
0.66084,-0.035244
0.66104,-0.035214
0.66124,-0.035185
0.66145,-0.035156
0.66165,-0.035127
0.66186,-0.035097
0.66206,-0.035068
0.66226,-0.035039
0.66247,-0.03501
0.66267,-0.03498
0.66288,-0.034951
0.66308,-0.034922
0.66328,-0.034892
0.66349,-0.034863
0.66369,-0.034834
0.6639,-0.034805
0.6641,-0.034775
0.6643,-0.034746
0.66451,-0.034717
0.66471,-0.034687
0.66491,-0.034658
0.66512,-0.034629
0.66532,-0.034599
0.66553,-0.03457
0.66573,-0.034541
0.66593,-0.034512
0.66614,-0.034482
0.66634,-0.034453
0.66655,-0.034423
0.66675,-0.034394
0.66695,-0.034365
0.66716,-0.034335
0.66736,-0.034306
0.66757,-0.034277
0.66777,-0.034247
0.66797,-0.034218
0.66818,-0.034188
0.66838,-0.034159
0.66859,-0.03413
0.66879,-0.0341
0.66899,-0.034071
0.6692,-0.034041
0.6694,-0.034012
0.66961,-0.033982
0.66981,-0.033953
0.67001,-0.033924
0.67022,-0.033894
0.67042,-0.033865
0.67063,-0.033835
0.67083,-0.033806
0.67103,-0.033776
0.67124,-0.033747
0.67144,-0.033717
0.67165,-0.033687
0.67185,-0.033658
0.67205,-0.033628
0.67226,-0.033599
0.67246,-0.033569
0.67267,-0.03354
0.67287,-0.03351
0.67307,-0.03348
0.67328,-0.033451
0.67348,-0.033421
0.67369,-0.033391
0.67389,-0.033362
0.67409,-0.033332
0.6743,-0.033302
0.6745,-0.033273
0.67471,-0.033243
0.67491,-0.033213
0.67511,-0.033184
0.67532,-0.033154
0.67552,-0.033124
0.67572,-0.033094
0.67593,-0.033064
0.67613,-0.033035
0.67634,-0.033005
0.67654,-0.032975
0.67674,-0.032945
0.67695,-0.032915
0.67715,-0.032886
0.67736,-0.032856
0.67756,-0.032826
0.67776,-0.032796
0.67797,-0.032766
0.67817,-0.032736
0.67838,-0.032706
0.67858,-0.032676
0.67878,-0.032646
0.67899,-0.032616
0.67919,-0.032586
0.67939,-0.032556
0.6796,-0.032526
0.6798,-0.032496
0.68001,-0.032466
0.68021,-0.032436
0.68041,-0.032406
0.68062,-0.032376
0.68082,-0.032346
0.68103,-0.032316
0.68123,-0.032286
0.68143,-0.032256
0.68164,-0.032226
0.68184,-0.032196
0.68205,-0.032166
0.68225,-0.032136
0.68245,-0.032106
0.68266,-0.032076
0.68286,-0.032046
0.68306,-0.032015
0.68327,-0.031985
0.68347,-0.031955
0.68368,-0.031925
0.68388,-0.031895
0.68408,-0.031865
0.68429,-0.031834
0.68449,-0.031804
0.6847,-0.031774
0.6849,-0.031744
0.6851,-0.031714
0.68531,-0.031684
0.68551,-0.031653
0.68571,-0.031623
0.68592,-0.031593
0.68612,-0.031563
0.68633,-0.031532
0.68653,-0.031502
0.68673,-0.031472
0.68694,-0.031442
0.68714,-0.031412
0.68735,-0.031381
0.68755,-0.031351
0.68775,-0.031321
0.68796,-0.03129
0.68816,-0.03126
0.68836,-0.03123
0.68857,-0.0312
0.68877,-0.031169
0.68898,-0.031139
0.68918,-0.031109
0.68938,-0.031079
0.68959,-0.031048
0.68979,-0.031018
0.69,-0.030988
0.6902,-0.030957
0.6904,-0.030927
0.69061,-0.030897
0.69081,-0.030866
0.69101,-0.030836
0.69122,-0.030806
0.69142,-0.030775
0.69163,-0.030745
0.69183,-0.030715
0.69203,-0.030685
0.69224,-0.030654
0.69244,-0.030624
0.69265,-0.030594
0.69285,-0.030563
0.69305,-0.030533
0.69326,-0.030503
0.69346,-0.030472
0.69366,-0.030442
0.69387,-0.030412
0.69407,-0.030381
0.69428,-0.030351
0.69448,-0.030321
0.69468,-0.03029
0.69489,-0.03026
0.69509,-0.03023
0.69529,-0.030199
0.6955,-0.030169
0.6957,-0.030139
0.69591,-0.030108
0.69611,-0.030078
0.69631,-0.030048
0.69652,-0.030017
0.69672,-0.029987
0.69693,-0.029957
0.69713,-0.029927
0.69733,-0.029896
0.69754,-0.029866
0.69774,-0.029836
0.69794,-0.029805
0.69815,-0.029775
0.69835,-0.029745
0.69856,-0.029714
0.69876,-0.029684
0.69896,-0.029654
0.69917,-0.029624
0.69937,-0.029593
0.69958,-0.029563
0.69978,-0.029533
0.69998,-0.029502
0.70019,-0.029472
0.70039,-0.029442
0.70059,-0.029412
0.7008,-0.029381
0.701,-0.029351
0.70121,-0.029321
0.70141,-0.029291
0.70161,-0.02926
0.70182,-0.02923
0.70202,-0.0292
0.70223,-0.02917
0.70243,-0.02914
0.70263,-0.029109
0.70284,-0.029079
0.70304,-0.029049
0.70324,-0.029019
0.70345,-0.028989
0.70365,-0.028958
0.70386,-0.028928
0.70406,-0.028898
0.70426,-0.028868
0.70447,-0.028838
0.70467,-0.028807
0.70488,-0.028777
0.70508,-0.028747
0.70528,-0.028717
0.70549,-0.028687
0.70569,-0.028656
0.70589,-0.028626
0.7061,-0.028596
0.7063,-0.028566
0.70651,-0.028536
0.70671,-0.028506
0.70691,-0.028475
0.70712,-0.028445
0.70732,-0.028415
0.70753,-0.028385
0.70773,-0.028355
0.70793,-0.028325
0.70814,-0.028294
0.70834,-0.028264
0.70855,-0.028234
0.70875,-0.028204
0.70895,-0.028174
0.70916,-0.028144
0.70936,-0.028114
0.70956,-0.028083
0.70977,-0.028053
0.70997,-0.028023
0.71018,-0.027993
0.71038,-0.027963
0.71058,-0.027933
0.71079,-0.027903
0.71099,-0.027872
0.7112,-0.027842
0.7114,-0.027812
0.7116,-0.027782
0.71181,-0.027752
0.71201,-0.027722
0.71221,-0.027692
0.71242,-0.027661
0.71262,-0.027631
0.71283,-0.027601
0.71303,-0.027571
0.71323,-0.027541
0.71344,-0.027511
0.71364,-0.027481
0.71385,-0.027451
0.71405,-0.02742
0.71425,-0.02739
0.71446,-0.02736
0.71466,-0.02733
0.71486,-0.0273
0.71507,-0.02727
0.71527,-0.02724
0.71548,-0.027209
0.71568,-0.027179
0.71588,-0.027149
0.71609,-0.027119
0.71629,-0.027089
0.7165,-0.027059
0.7167,-0.027029
0.7169,-0.026999
0.71711,-0.026968
0.71731,-0.026938
0.71752,-0.026908
0.71772,-0.026878
0.71792,-0.026848
0.71813,-0.026818
0.71833,-0.026788
0.71853,-0.026757
0.71874,-0.026727
0.71894,-0.026697
0.71915,-0.026667
0.71935,-0.026637
0.71955,-0.026607
0.71976,-0.026576
0.71996,-0.026546
0.72017,-0.026516
0.72037,-0.026486
0.72057,-0.026456
0.72078,-0.026426
0.72098,-0.026395
0.72118,-0.026365
0.72139,-0.026335
0.72159,-0.026305
0.7218,-0.026275
0.722,-0.026245
0.7222,-0.026214
0.72241,-0.026184
0.72261,-0.026154
0.72282,-0.026124
0.72302,-0.026094
0.72322,-0.026063
0.72343,-0.026033
0.72363,-0.026003
0.72383,-0.025973
0.72404,-0.025943
0.72424,-0.025912
0.72445,-0.025882
0.72465,-0.025852
0.72485,-0.025822
0.72506,-0.025791
0.72526,-0.025761
0.72547,-0.025731
0.72567,-0.025701
0.72587,-0.02567
0.72608,-0.02564
0.72628,-0.02561
0.72648,-0.02558
0.72669,-0.025549
0.72689,-0.025519
0.7271,-0.025489
0.7273,-0.025459
0.7275,-0.025428
0.72771,-0.025398
0.72791,-0.025368
0.72812,-0.025338
0.72832,-0.025307
0.72852,-0.025277
0.72873,-0.025247
0.72893,-0.025217
0.72913,-0.025186
0.72934,-0.025156
0.72954,-0.025126
0.72975,-0.025095
0.72995,-0.025065
0.73015,-0.025035
0.73036,-0.025005
0.73056,-0.024974
0.73077,-0.024944
0.73097,-0.024914
0.73117,-0.024883
0.73138,-0.024853
0.73158,-0.024823
0.73178,-0.024793
0.73199,-0.024762
0.73219,-0.024732
0.7324,-0.024702
0.7326,-0.024671
0.7328,-0.024641
0.73301,-0.024611
0.73321,-0.024581
0.73342,-0.02455
0.73362,-0.02452
0.73382,-0.02449
0.73403,-0.024459
0.73423,-0.024429
0.73443,-0.024399
0.73464,-0.024369
0.73484,-0.024338
0.73505,-0.024308
0.73525,-0.024278
0.73545,-0.024248
0.73566,-0.024217
0.73586,-0.024187
0.73607,-0.024157
0.73627,-0.024127
0.73647,-0.024096
0.73668,-0.024066
0.73688,-0.024036
0.73708,-0.024006
0.73729,-0.023975
0.73749,-0.023945
0.7377,-0.023915
0.7379,-0.023885
0.7381,-0.023854
0.73831,-0.023824
0.73851,-0.023794
0.73872,-0.023764
0.73892,-0.023733
0.73912,-0.023703
0.73933,-0.023673
0.73953,-0.023643
0.73973,-0.023613
0.73994,-0.023582
0.74014,-0.023552
0.74035,-0.023522
0.74055,-0.023492
0.74075,-0.023462
0.74096,-0.023432
0.74116,-0.023401
0.74137,-0.023371
0.74157,-0.023341
0.74177,-0.023311
0.74198,-0.023281
0.74218,-0.023251
0.74238,-0.02322
0.74259,-0.02319
0.74279,-0.02316
0.743,-0.02313
0.7432,-0.0231
0.7434,-0.02307
0.74361,-0.02304
0.74381,-0.02301
0.74402,-0.02298
0.74422,-0.02295
0.74442,-0.022919
0.74463,-0.022889
0.74483,-0.022859
0.74504,-0.022829
0.74524,-0.022799
0.74544,-0.022769
0.74565,-0.022739
0.74585,-0.022709
0.74605,-0.022679
0.74626,-0.022649
0.74646,-0.022619
0.74667,-0.022589
0.74687,-0.022559
0.74707,-0.022529
0.74728,-0.022499
0.74748,-0.022469
0.74769,-0.022439
0.74789,-0.022409
0.74809,-0.022379
0.7483,-0.022349
0.7485,-0.02232
0.74871,-0.02229
0.74891,-0.02226
0.74911,-0.02223
0.74932,-0.0222
0.74952,-0.02217
0.74972,-0.02214
0.74993,-0.02211
0.75013,-0.022081
0.75034,-0.022051
0.75054,-0.022021
0.75074,-0.021991
0.75095,-0.021961
0.75115,-0.021932
0.75136,-0.021902
0.75156,-0.021872
0.75176,-0.021842
0.75197,-0.021812
0.75217,-0.021783
0.75238,-0.021753
0.75258,-0.021723
0.75278,-0.021694
0.75299,-0.021664
0.75319,-0.021634
0.7534,-0.021604
0.7536,-0.021575
0.7538,-0.021545
0.75401,-0.021515
0.75421,-0.021486
0.75441,-0.021456
0.75462,-0.021427
0.75482,-0.021397
0.75503,-0.021367
0.75523,-0.021338
0.75543,-0.021308
0.75564,-0.021278
0.75584,-0.021249
0.75605,-0.021219
0.75625,-0.02119
0.75645,-0.02116
0.75666,-0.021131
0.75686,-0.021101
0.75707,-0.021072
0.75727,-0.021042
0.75747,-0.021013
0.75768,-0.020983
0.75788,-0.020953
0.75809,-0.020924
0.75829,-0.020895
0.75849,-0.020865
0.7587,-0.020836
0.7589,-0.020806
0.75911,-0.020777
0.75931,-0.020747
0.75951,-0.020718
0.75972,-0.020688
0.75992,-0.020659
0.76013,-0.020629
0.76033,-0.0206
0.76053,-0.020571
0.76074,-0.020541
0.76094,-0.020512
0.76115,-0.020482
0.76135,-0.020453
0.76155,-0.020424
0.76176,-0.020394
0.76196,-0.020365
0.76217,-0.020336
0.76237,-0.020306
0.76257,-0.020277
0.76278,-0.020248
0.76298,-0.020218
0.76319,-0.020189
0.76339,-0.02016
0.76359,-0.02013
0.7638,-0.020101
0.764,-0.020072
0.76421,-0.020042
0.76441,-0.020013
0.76461,-0.019984
0.76482,-0.019955
0.76502,-0.019925
0.76523,-0.019896
0.76543,-0.019867
0.76563,-0.019838
0.76584,-0.019808
0.76604,-0.019779
0.76625,-0.01975
0.76645,-0.019721
0.76665,-0.019691
0.76686,-0.019662
0.76706,-0.019633
0.76727,-0.019604
0.76747,-0.019575
0.76767,-0.019545
0.76788,-0.019516
0.76808,-0.019487
0.76829,-0.019458
0.76849,-0.019429
0.76869,-0.0194
0.7689,-0.01937
0.7691,-0.019341
0.76931,-0.019312
0.76951,-0.019283
0.76971,-0.019254
0.76992,-0.019225
0.77012,-0.019195
0.77033,-0.019166
0.77053,-0.019137
0.77073,-0.019108
0.77094,-0.019079
0.77114,-0.01905
0.77135,-0.019021
0.77155,-0.018992
0.77175,-0.018963
0.77196,-0.018933
0.77216,-0.018904
0.77237,-0.018875
0.77257,-0.018846
0.77277,-0.018817
0.77298,-0.018788
0.77318,-0.018759
0.77339,-0.01873
0.77359,-0.018701
0.77379,-0.018672
0.774,-0.018643
0.7742,-0.018614
0.77441,-0.018585
0.77461,-0.018556
0.77481,-0.018527
0.77502,-0.018498
0.77522,-0.018468
0.77543,-0.018439
0.77563,-0.01841
0.77583,-0.018381
0.77604,-0.018352
0.77624,-0.018323
0.77645,-0.018294
0.77665,-0.018265
0.77685,-0.018236
0.77706,-0.018207
0.77726,-0.018178
0.77747,-0.018149
0.77767,-0.01812
0.77787,-0.018091
0.77808,-0.018062
0.77828,-0.018033
0.77849,-0.018004
0.77869,-0.017975
0.77889,-0.017946
0.7791,-0.017918
0.7793,-0.017889
0.77951,-0.01786
0.77971,-0.017831
0.77991,-0.017802
0.78012,-0.017773
0.78032,-0.017744
0.78053,-0.017715
0.78073,-0.017686
0.78093,-0.017657
0.78114,-0.017628
0.78134,-0.017599
0.78155,-0.017571
0.78175,-0.017542
0.78195,-0.017513
0.78216,-0.017484
0.78236,-0.017455
0.78257,-0.017426
0.78277,-0.017397
0.78297,-0.017369
0.78318,-0.01734
0.78338,-0.017311
0.78359,-0.017282
0.78379,-0.017253
0.784,-0.017224
0.7842,-0.017196
0.7844,-0.017167
0.78461,-0.017138
0.78481,-0.017109
0.78502,-0.017081
0.78522,-0.017052
0.78542,-0.017023
0.78563,-0.016994
0.78583,-0.016966
0.78604,-0.016937
0.78624,-0.016908
0.78644,-0.01688
0.78665,-0.016851
0.78685,-0.016822
0.78706,-0.016794
0.78726,-0.016765
0.78746,-0.016736
0.78767,-0.016708
0.78787,-0.016679
0.78808,-0.01665
0.78828,-0.016622
0.78848,-0.016593
0.78869,-0.016565
0.78889,-0.016536
0.7891,-0.016507
0.7893,-0.016479
0.78951,-0.01645
0.78971,-0.016422
0.78991,-0.016393
0.79012,-0.016365
0.79032,-0.016336
0.79053,-0.016308
0.79073,-0.016279
0.79093,-0.016251
0.79114,-0.016222
0.79134,-0.016194
0.79155,-0.016166
0.79175,-0.016137
0.79195,-0.016109
0.79216,-0.01608
0.79236,-0.016052
0.79257,-0.016024
0.79277,-0.015995
0.79297,-0.015967
0.79318,-0.015939
0.79338,-0.01591
0.79359,-0.015882
0.79379,-0.015854
0.794,-0.015825
0.7942,-0.015797
0.7944,-0.015769
0.79461,-0.015741
0.79481,-0.015712
0.79502,-0.015684
0.79522,-0.015656
0.79542,-0.015628
0.79563,-0.0156
0.79583,-0.015571
0.79604,-0.015543
0.79624,-0.015515
0.79645,-0.015487
0.79665,-0.015459
0.79685,-0.015431
0.79706,-0.015403
0.79726,-0.015375
0.79747,-0.015347
0.79767,-0.015319
0.79787,-0.015291
0.79808,-0.015263
0.79828,-0.015235
0.79849,-0.015207
0.79869,-0.015179
0.7989,-0.015151
0.7991,-0.015123
0.7993,-0.015095
0.79951,-0.015067
0.79971,-0.015039
0.79992,-0.015011
0.80012,-0.014984
0.80032,-0.014956
0.80053,-0.014928
0.80073,-0.0149
0.80094,-0.014872
0.80114,-0.014845
0.80135,-0.014817
0.80155,-0.014789
0.80175,-0.014761
0.80196,-0.014734
0.80216,-0.014706
0.80237,-0.014678
0.80257,-0.014651
0.80278,-0.014623
0.80298,-0.014596
0.80318,-0.014568
0.80339,-0.01454
0.80359,-0.014513
0.8038,-0.014485
0.804,-0.014458
0.8042,-0.01443
0.80441,-0.014403
0.80461,-0.014375
0.80482,-0.014348
0.80502,-0.01432
0.80523,-0.014293
0.80543,-0.014265
0.80563,-0.014238
0.80584,-0.014211
0.80604,-0.014183
0.80625,-0.014156
0.80645,-0.014129
0.80666,-0.014101
0.80686,-0.014074
0.80706,-0.014047
0.80727,-0.014019
0.80747,-0.013992
0.80768,-0.013965
0.80788,-0.013937
0.80809,-0.01391
0.80829,-0.013883
0.80849,-0.013856
0.8087,-0.013829
0.8089,-0.013801
0.80911,-0.013774
0.80931,-0.013747
0.80952,-0.01372
0.80972,-0.013693
0.80992,-0.013666
0.81013,-0.013639
0.81033,-0.013612
0.81054,-0.013584
0.81074,-0.013557
0.81095,-0.01353
0.81115,-0.013503
0.81135,-0.013476
0.81156,-0.013449
0.81176,-0.013422
0.81197,-0.013395
0.81217,-0.013368
0.81238,-0.013341
0.81258,-0.013315
0.81278,-0.013288
0.81299,-0.013261
0.81319,-0.013234
0.8134,-0.013207
0.8136,-0.01318
0.81381,-0.013153
0.81401,-0.013126
0.81421,-0.013099
0.81442,-0.013073
0.81462,-0.013046
0.81483,-0.013019
0.81503,-0.012992
0.81524,-0.012966
0.81544,-0.012939
0.81564,-0.012912
0.81585,-0.012885
0.81605,-0.012859
0.81626,-0.012832
0.81646,-0.012805
0.81667,-0.012778
0.81687,-0.012752
0.81708,-0.012725
0.81728,-0.012698
0.81748,-0.012672
0.81769,-0.012645
0.81789,-0.012619
0.8181,-0.012592
0.8183,-0.012565
0.81851,-0.012539
0.81871,-0.012512
0.81891,-0.012486
0.81912,-0.012459
0.81932,-0.012433
0.81953,-0.012406
0.81973,-0.01238
0.81994,-0.012353
0.82014,-0.012327
0.82035,-0.0123
0.82055,-0.012274
0.82075,-0.012247
0.82096,-0.012221
0.82116,-0.012194
0.82137,-0.012168
0.82157,-0.012142
0.82178,-0.012115
0.82198,-0.012089
0.82218,-0.012062
0.82239,-0.012036
0.82259,-0.01201
0.8228,-0.011983
0.823,-0.011957
0.82321,-0.011931
0.82341,-0.011904
0.82362,-0.011878
0.82382,-0.011852
0.82402,-0.011825
0.82423,-0.011799
0.82443,-0.011773
0.82464,-0.011747
0.82484,-0.01172
0.82505,-0.011694
0.82525,-0.011668
0.82545,-0.011642
0.82566,-0.011615
0.82586,-0.011589
0.82607,-0.011563
0.82627,-0.011537
0.82648,-0.011511
0.82668,-0.011485
0.82689,-0.011458
0.82709,-0.011432
0.82729,-0.011406
0.8275,-0.01138
0.8277,-0.011354
0.82791,-0.011328
0.82811,-0.011302
0.82832,-0.011276
0.82852,-0.01125
0.82873,-0.011224
0.82893,-0.011198
0.82913,-0.011172
0.82934,-0.011146
0.82954,-0.01112
0.82975,-0.011094
0.82995,-0.011068
0.83016,-0.011042
0.83036,-0.011016
0.83057,-0.01099
0.83077,-0.010964
0.83097,-0.010938
0.83118,-0.010912
0.83138,-0.010886
0.83159,-0.01086
0.83179,-0.010834
0.832,-0.010809
0.8322,-0.010783
0.83241,-0.010757
0.83261,-0.010731
0.83281,-0.010705
0.83302,-0.01068
0.83322,-0.010654
0.83343,-0.010628
0.83363,-0.010602
0.83384,-0.010577
0.83404,-0.010551
0.83425,-0.010525
0.83445,-0.0105
0.83465,-0.010474
0.83486,-0.010448
0.83506,-0.010423
0.83527,-0.010397
0.83547,-0.010371
0.83568,-0.010346
0.83588,-0.01032
0.83609,-0.010295
0.83629,-0.010269
0.83649,-0.010244
0.8367,-0.010218
0.8369,-0.010193
0.83711,-0.010167
0.83731,-0.010142
0.83752,-0.010116
0.83772,-0.010091
0.83793,-0.010066
0.83813,-0.01004
0.83834,-0.010015
0.83854,-0.0099895
0.83874,-0.0099641
0.83895,-0.0099388
0.83915,-0.0099135
0.83936,-0.0098882
0.83956,-0.009863
0.83977,-0.0098377
0.83997,-0.0098125
0.84018,-0.0097873
0.84038,-0.0097621
0.84058,-0.0097369
0.84079,-0.0097117
0.84099,-0.0096866
0.8412,-0.0096615
0.8414,-0.0096364
0.84161,-0.0096113
0.84181,-0.0095862
0.84202,-0.0095612
0.84222,-0.0095362
0.84243,-0.0095112
0.84263,-0.0094862
0.84283,-0.0094612
0.84304,-0.0094363
0.84324,-0.0094113
0.84345,-0.0093864
0.84365,-0.0093615
0.84386,-0.0093367
0.84406,-0.0093118
0.84427,-0.009287
0.84447,-0.0092622
0.84468,-0.0092374
0.84488,-0.0092126
0.84509,-0.0091879
0.84529,-0.0091632
0.84549,-0.0091384
0.8457,-0.0091138
0.8459,-0.0090891
0.84611,-0.0090645
0.84631,-0.0090398
0.84652,-0.0090152
0.84672,-0.0089907
0.84693,-0.0089661
0.84713,-0.0089416
0.84734,-0.0089171
0.84754,-0.0088926
0.84775,-0.0088681
0.84795,-0.0088437
0.84815,-0.0088192
0.84836,-0.0087948
0.84856,-0.0087705
0.84877,-0.0087461
0.84897,-0.0087218
0.84918,-0.0086975
0.84938,-0.0086732
0.84959,-0.0086489
0.84979,-0.0086247
0.85,-0.0086005
0.8502,-0.0085763
0.85041,-0.0085521
0.85061,-0.0085279
0.85081,-0.0085038
0.85102,-0.0084797
0.85122,-0.0084556
0.85143,-0.0084316
0.85163,-0.0084076
0.85184,-0.0083835
0.85204,-0.0083595
0.85225,-0.0083356
0.85245,-0.0083116
0.85266,-0.0082877
0.85286,-0.0082638
0.85307,-0.00824
0.85327,-0.0082161
0.85348,-0.0081923
0.85368,-0.0081685
0.85389,-0.0081447
0.85409,-0.0081209
0.85429,-0.0080972
0.8545,-0.0080735
0.8547,-0.0080498
0.85491,-0.0080261
0.85511,-0.0080025
0.85532,-0.0079788
0.85552,-0.0079552
0.85573,-0.0079316
0.85593,-0.0079081
0.85614,-0.0078845
0.85634,-0.007861
0.85655,-0.0078375
0.85675,-0.007814
0.85696,-0.0077906
0.85716,-0.0077671
0.85737,-0.0077437
0.85757,-0.0077203
0.85778,-0.007697
0.85798,-0.0076736
0.85818,-0.0076503
0.85839,-0.007627
0.85859,-0.0076037
0.8588,-0.0075804
0.859,-0.0075572
0.85921,-0.007534
0.85941,-0.0075107
0.85962,-0.0074876
0.85982,-0.0074644
0.86003,-0.0074413
0.86023,-0.0074181
0.86044,-0.007395
0.86064,-0.0073719
0.86085,-0.0073489
0.86105,-0.0073258
0.86126,-0.0073028
0.86146,-0.0072798
0.86167,-0.0072568
0.86187,-0.0072339
0.86208,-0.0072109
0.86228,-0.007188
0.86248,-0.0071651
0.86269,-0.0071422
0.86289,-0.0071193
0.8631,-0.0070965
0.8633,-0.0070736
0.86351,-0.0070508
0.86371,-0.007028
0.86392,-0.0070053
0.86412,-0.0069825
0.86433,-0.0069598
0.86453,-0.0069371
0.86474,-0.0069144
0.86494,-0.0068917
0.86515,-0.006869
0.86535,-0.0068464
0.86556,-0.0068238
0.86576,-0.0068012
0.86597,-0.0067786
0.86617,-0.006756
0.86638,-0.0067335
0.86658,-0.0067109
0.86679,-0.0066884
0.86699,-0.0066659
0.8672,-0.0066434
0.8674,-0.006621
0.86761,-0.0065985
0.86781,-0.0065761
0.86802,-0.0065537
0.86822,-0.0065313
0.86843,-0.006509
0.86863,-0.0064866
0.86883,-0.0064643
0.86904,-0.006442
0.86924,-0.0064197
0.86945,-0.0063974
0.86965,-0.0063751
0.86986,-0.0063529
0.87006,-0.0063306
0.87027,-0.0063084
0.87047,-0.0062862
0.87068,-0.006264
0.87088,-0.0062419
0.87109,-0.0062197
0.87129,-0.0061976
0.8715,-0.0061755
0.8717,-0.0061534
0.87191,-0.0061313
0.87211,-0.0061092
0.87232,-0.0060872
0.87252,-0.0060652
0.87273,-0.0060431
0.87293,-0.0060211
0.87314,-0.0059991
0.87334,-0.0059772
0.87355,-0.0059552
0.87375,-0.0059333
0.87396,-0.0059114
0.87416,-0.0058895
0.87437,-0.0058676
0.87457,-0.0058457
0.87478,-0.0058238
0.87498,-0.005802
0.87519,-0.0057802
0.87539,-0.0057583
0.8756,-0.0057365
0.8758,-0.0057148
0.87601,-0.005693
0.87621,-0.0056712
0.87642,-0.0056495
0.87662,-0.0056278
0.87683,-0.0056061
0.87703,-0.0055844
0.87724,-0.0055627
0.87744,-0.0055411
0.87765,-0.0055195
0.87785,-0.0054978
0.87806,-0.0054762
0.87826,-0.0054547
0.87847,-0.0054331
0.87867,-0.0054115
0.87888,-0.00539
0.87908,-0.0053685
0.87929,-0.005347
0.87949,-0.0053256
0.87969,-0.0053041
0.8799,-0.0052827
0.8801,-0.0052613
0.88031,-0.0052399
0.88051,-0.0052185
0.88072,-0.0051971
0.88092,-0.0051758
0.88113,-0.0051545
0.88133,-0.0051332
0.88154,-0.0051119
0.88174,-0.0050906
0.88195,-0.0050694
0.88215,-0.0050482
0.88236,-0.005027
0.88256,-0.0050058
0.88277,-0.0049847
0.88297,-0.0049635
0.88318,-0.0049424
0.88338,-0.0049214
0.88359,-0.0049003
0.88379,-0.0048792
0.884,-0.0048582
0.8842,-0.0048372
0.88441,-0.0048163
0.88461,-0.0047953
0.88482,-0.0047744
0.88502,-0.0047535
0.88523,-0.0047326
0.88543,-0.0047117
0.88564,-0.0046909
0.88584,-0.0046701
0.88605,-0.0046493
0.88625,-0.0046285
0.88646,-0.0046078
0.88666,-0.0045871
0.88687,-0.0045664
0.88707,-0.0045457
0.88728,-0.004525
0.88749,-0.0045044
0.88769,-0.0044838
0.8879,-0.0044633
0.8881,-0.0044427
0.88831,-0.0044222
0.88851,-0.0044017
0.88872,-0.0043812
0.88892,-0.0043608
0.88913,-0.0043404
0.88933,-0.00432
0.88954,-0.0042996
0.88974,-0.0042793
0.88995,-0.004259
0.89015,-0.0042387
0.89036,-0.0042185
0.89056,-0.0041982
0.89077,-0.004178
0.89097,-0.0041579
0.89118,-0.0041377
0.89138,-0.0041176
0.89159,-0.0040975
0.89179,-0.0040775
0.892,-0.0040574
0.8922,-0.0040374
0.89241,-0.0040174
0.89261,-0.0039975
0.89282,-0.0039776
0.89302,-0.0039577
0.89323,-0.0039379
0.89343,-0.003918
0.89364,-0.0038982
0.89384,-0.0038785
0.89405,-0.0038587
0.89425,-0.003839
0.89446,-0.0038193
0.89466,-0.0037997
0.89487,-0.0037801
0.89507,-0.0037605
0.89528,-0.0037409
0.89548,-0.0037214
0.89569,-0.0037019
0.89589,-0.0036825
0.8961,-0.003663
0.8963,-0.0036437
0.89651,-0.0036243
0.89672,-0.003605
0.89692,-0.0035857
0.89713,-0.0035664
0.89733,-0.0035472
0.89754,-0.003528
0.89774,-0.0035088
0.89795,-0.0034897
0.89815,-0.0034706
0.89836,-0.0034515
0.89856,-0.0034325
0.89877,-0.0034135
0.89897,-0.0033945
0.89918,-0.0033756
0.89938,-0.0033567
0.89959,-0.0033378
0.89979,-0.003319
0.9,-0.0033002
0.9002,-0.0032814
0.90041,-0.0032627
0.90061,-0.003244
0.90082,-0.0032253
0.90102,-0.0032067
0.90123,-0.0031881
0.90143,-0.0031696
0.90164,-0.0031511
0.90185,-0.0031326
0.90205,-0.0031142
0.90226,-0.0030958
0.90246,-0.0030774
0.90267,-0.0030591
0.90287,-0.0030408
0.90308,-0.0030225
0.90328,-0.0030043
0.90349,-0.0029861
0.90369,-0.0029679
0.9039,-0.0029498
0.9041,-0.0029317
0.90431,-0.0029137
0.90451,-0.0028957
0.90472,-0.0028777
0.90492,-0.0028598
0.90513,-0.0028419
0.90533,-0.002824
0.90554,-0.0028062
0.90575,-0.0027884
0.90595,-0.0027707
0.90616,-0.002753
0.90636,-0.0027353
0.90657,-0.0027177
0.90677,-0.0027001
0.90698,-0.0026825
0.90718,-0.002665
0.90739,-0.0026475
0.90759,-0.0026301
0.9078,-0.0026127
0.908,-0.0025953
0.90821,-0.002578
0.90841,-0.0025607
0.90862,-0.0025434
0.90883,-0.0025262
0.90903,-0.0025091
0.90924,-0.0024919
0.90944,-0.0024748
0.90965,-0.0024578
0.90985,-0.0024408
0.91006,-0.0024238
0.91026,-0.0024068
0.91047,-0.0023899
0.91067,-0.0023731
0.91088,-0.0023563
0.91108,-0.0023395
0.91129,-0.0023227
0.9115,-0.002306
0.9117,-0.0022894
0.91191,-0.0022727
0.91211,-0.0022562
0.91232,-0.0022396
0.91252,-0.0022231
0.91273,-0.0022066
0.91293,-0.0021902
0.91314,-0.0021738
0.91334,-0.0021575
0.91355,-0.0021412
0.91376,-0.0021249
0.91396,-0.0021087
0.91417,-0.0020925
0.91437,-0.0020764
0.91458,-0.0020603
0.91478,-0.0020443
0.91499,-0.0020282
0.91519,-0.0020123
0.9154,-0.0019963
0.9156,-0.0019805
0.91581,-0.0019646
0.91602,-0.0019488
0.91622,-0.001933
0.91643,-0.0019173
0.91663,-0.0019016
0.91684,-0.001886
0.91704,-0.0018704
0.91725,-0.0018548
0.91745,-0.0018393
0.91766,-0.0018239
0.91786,-0.0018084
0.91807,-0.0017931
0.91828,-0.0017777
0.91848,-0.0017624
0.91869,-0.0017472
0.91889,-0.0017319
0.9191,-0.0017168
0.9193,-0.0017017
0.91951,-0.0016866
0.91971,-0.0016715
0.91992,-0.0016565
0.92013,-0.0016416
0.92033,-0.0016267
0.92054,-0.0016118
0.92074,-0.001597
0.92095,-0.0015822
0.92115,-0.0015675
0.92136,-0.0015528
0.92156,-0.0015381
0.92177,-0.0015235
0.92198,-0.001509
0.92218,-0.0014945
0.92239,-0.00148
0.92259,-0.0014656
0.9228,-0.0014512
0.923,-0.0014369
0.92321,-0.0014226
0.92341,-0.0014083
0.92362,-0.0013941
0.92383,-0.00138
0.92403,-0.0013659
0.92424,-0.0013518
0.92444,-0.0013378
0.92465,-0.0013238
0.92485,-0.0013099
0.92506,-0.001296
0.92526,-0.0012822
0.92547,-0.0012684
0.92568,-0.0012546
0.92588,-0.0012409
0.92609,-0.0012273
0.92629,-0.0012137
0.9265,-0.0012001
0.9267,-0.0011866
0.92691,-0.0011731
0.92712,-0.0011597
0.92732,-0.0011463
0.92753,-0.0011329
0.92773,-0.0011196
0.92794,-0.0011064
0.92814,-0.0010932
0.92835,-0.00108
0.92855,-0.0010669
0.92876,-0.0010538
0.92897,-0.0010407
0.92917,-0.0010277
0.92938,-0.0010148
0.92958,-0.0010019
0.92979,-0.00098899
0.92999,-0.00097615
0.9302,-0.00096336
0.93041,-0.00095061
0.93061,-0.0009379
0.93082,-0.00092524
0.93102,-0.00091261
0.93123,-0.00090002
0.93143,-0.00088748
0.93164,-0.00087497
0.93185,-0.00086251
0.93205,-0.00085008
0.93226,-0.0008377
0.93246,-0.00082535
0.93267,-0.00081304
0.93287,-0.00080077
0.93308,-0.00078855
0.93329,-0.00077635
0.93349,-0.0007642
0.9337,-0.00075209
0.9339,-0.00074002
0.93411,-0.00072798
0.93431,-0.00071598
0.93452,-0.00070402
0.93473,-0.0006921
0.93493,-0.00068021
0.93514,-0.00066836
0.93534,-0.00065655
0.93555,-0.00064478
0.93575,-0.00063304
0.93596,-0.00062134
0.93617,-0.00060968
0.93637,-0.00059805
0.93658,-0.00058646
0.93678,-0.0005749
0.93699,-0.00056338
0.93719,-0.0005519
0.9374,-0.00054045
0.93761,-0.00052903
0.93781,-0.00051766
0.93802,-0.00050631
0.93822,-0.000495
0.93843,-0.00048373
0.93864,-0.00047249
0.93884,-0.00046128
0.93905,-0.00045011
0.93925,-0.00043897
0.93946,-0.00042787
0.93966,-0.0004168
0.93987,-0.00040576
0.94008,-0.00039476
0.94028,-0.00038378
0.94049,-0.00037285
0.94069,-0.00036194
0.9409,-0.00035107
0.9411,-0.00034023
0.94131,-0.00032942
0.94152,-0.00031864
0.94172,-0.00030789
0.94193,-0.00029718
0.94213,-0.0002865
0.94234,-0.00027585
0.94255,-0.00026523
0.94275,-0.00025464
0.94296,-0.00024408
0.94316,-0.00023355
0.94337,-0.00022305
0.94357,-0.00021258
0.94378,-0.00020215
0.94399,-0.00019174
0.94419,-0.00018136
0.9444,-0.00017101
0.9446,-0.00016069
0.94481,-0.0001504
0.94501,-0.00014014
0.94522,-0.00012991
0.94543,-0.0001197
0.94563,-0.00010953
0.94584,-9.9381e-05
0.94604,-8.9262e-05
0.94625,-7.9171e-05
0.94646,-6.9107e-05
0.94666,-5.9071e-05
0.94687,-4.9063e-05
0.94707,-3.9081e-05
0.94728,-2.9127e-05
0.94748,-1.9199e-05
0.94769,-9.2984e-06
0.9479,5.7604e-07
0.9481,1.0424e-05
0.94831,2.0246e-05
0.94851,3.0042e-05
0.94872,3.9812e-05
0.94893,4.9557e-05
0.94913,5.9276e-05
0.94934,6.897e-05
0.94954,7.8638e-05
0.94975,8.8282e-05
0.94996,9.7901e-05
0.95016,0.0001075
0.95037,0.00011706
0.95057,0.0001266
0.95078,0.00013611
0.95098,0.00014559
0.95119,0.00015504
0.9514,0.00016445
0.9516,0.00017382
0.95181,0.00018315
0.95201,0.00019244
0.95222,0.00020168
0.95243,0.00021089
0.95263,0.00022005
0.95284,0.00022915
0.95304,0.0002382
0.95325,0.0002472
0.95345,0.00025614
0.95366,0.00026503
0.95387,0.00027385
0.95407,0.00028262
0.95428,0.00029132
0.95448,0.00029996
0.95469,0.00030852
0.9549,0.00031702
0.9551,0.00032545
0.95531,0.00033381
0.95551,0.00034209
0.95572,0.0003503
0.95593,0.00035842
0.95613,0.00036646
0.95634,0.00037443
0.95654,0.0003823
0.95675,0.00039009
0.95696,0.00039779
0.95716,0.0004054
0.95737,0.00041292
0.95757,0.00042034
0.95778,0.00042767
0.95799,0.0004349
0.95819,0.00044203
0.9584,0.00044905
0.9586,0.00045597
0.95881,0.00046279
0.95901,0.00046949
0.95922,0.00047609
0.95943,0.00048257
0.95963,0.00048894
0.95984,0.00049519
0.96004,0.00050133
0.96025,0.00050734
0.96046,0.00051324
0.96066,0.00051902
0.96087,0.0005247
0.96107,0.00053026
0.96128,0.00053571
0.96149,0.00054106
0.96169,0.00054631
0.9619,0.00055146
0.9621,0.0005565
0.96231,0.00056146
0.96252,0.00056632
0.96272,0.00057108
0.96293,0.00057576
0.96314,0.00058036
0.96334,0.00058487
0.96355,0.00058929
0.96375,0.00059364
0.96396,0.00059791
0.96417,0.00060211
0.96437,0.00060624
0.96458,0.00061029
0.96478,0.00061428
0.96499,0.00061821
0.9652,0.00062207
0.9654,0.00062587
0.96561,0.00062961
0.96581,0.0006333
0.96602,0.00063693
0.96623,0.00064052
0.96643,0.00064405
0.96664,0.00064754
0.96684,0.00065098
0.96705,0.00065439
0.96726,0.00065775
0.96746,0.00066108
0.96767,0.00066437
0.96787,0.00066764
0.96808,0.00067087
0.96829,0.00067408
0.96849,0.00067726
0.9687,0.00068041
0.9689,0.00068355
0.96911,0.00068667
0.96932,0.00068978
0.96952,0.00069287
0.96973,0.00069595
0.96993,0.00069903
0.97014,0.00070209
0.97035,0.00070515
0.97055,0.00070821
0.97076,0.00071125
0.97096,0.00071427
0.97117,0.00071729
0.97138,0.00072028
0.97158,0.00072325
0.97179,0.0007262
0.972,0.00072913
0.9722,0.00073203
0.97241,0.0007349
0.97261,0.00073774
0.97282,0.00074055
0.97303,0.00074331
0.97323,0.00074605
0.97344,0.00074874
0.97364,0.00075139
0.97385,0.00075399
0.97406,0.00075654
0.97426,0.00075905
0.97447,0.00076151
0.97467,0.00076391
0.97488,0.00076625
0.97509,0.00076854
0.97529,0.00077077
0.9755,0.00077293
0.9757,0.00077503
0.97591,0.00077706
0.97612,0.00077902
0.97632,0.00078091
0.97653,0.00078272
0.97673,0.00078446
0.97694,0.00078612
0.97715,0.00078769
0.97735,0.00078919
0.97756,0.0007906
0.97776,0.00079192
0.97797,0.00079315
0.97818,0.00079429
0.97838,0.00079534
0.97859,0.00079629
0.9788,0.00079713
0.979,0.00079788
0.97921,0.00079853
0.97941,0.00079907
0.97962,0.0007995
0.97983,0.00079982
0.98003,0.00080002
0.98024,0.00080012
0.98044,0.00080009
0.98065,0.00079994
0.98086,0.00079967
0.98106,0.00079926
0.98127,0.00079872
0.98147,0.00079804
0.98168,0.00079722
0.98189,0.00079626
0.98209,0.00079514
0.9823,0.00079387
0.9825,0.00079244
0.98271,0.00079085
0.98292,0.0007891
0.98312,0.00078718
0.98333,0.00078508
0.98354,0.00078281
0.98374,0.00078036
0.98395,0.00077772
0.98415,0.0007749
0.98436,0.00077188
0.98457,0.00076866
0.98477,0.00076525
0.98498,0.00076163
0.98518,0.00075781
0.98539,0.00075377
0.9856,0.00074952
0.9858,0.00074505
0.98601,0.00074036
0.98621,0.00073544
0.98642,0.00073029
0.98663,0.00072491
0.98683,0.00071929
0.98704,0.00071342
0.98724,0.00070731
0.98745,0.00070096
0.98766,0.00069434
0.98786,0.00068747
0.98807,0.00068034
0.98827,0.00067295
0.98848,0.00066528
0.98869,0.00065735
0.98889,0.00064913
0.9891,0.00064064
0.9893,0.00063187
0.98951,0.0006228
0.98971,0.00061346
0.98992,0.00060381
0.99013,0.00059387
0.99033,0.00058363
0.99054,0.00057311
0.99074,0.00056232
0.99095,0.00055128
0.99116,0.00053999
0.99136,0.00052847
0.99157,0.00051674
0.99177,0.0005048
0.99198,0.00049267
0.99218,0.00048035
0.99239,0.00046787
0.9926,0.00045523
0.9928,0.00044244
0.99301,0.00042953
0.99321,0.00041649
0.99342,0.00040335
0.99362,0.00039011
0.99383,0.00037679
0.99403,0.0003634
0.99424,0.00034995
0.99445,0.00033646
0.99465,0.00032293
0.99486,0.00030939
0.99506,0.00029583
0.99527,0.00028228
0.99547,0.00026875
0.99568,0.00025524
0.99589,0.00024178
0.99609,0.00022837
0.9963,0.00021502
0.9965,0.00020175
0.99671,0.00018857
0.99691,0.00017549
0.99712,0.00016253
0.99733,0.00014969
0.99753,0.000137
0.99774,0.00012445
0.99794,0.00011207
0.99815,9.9868e-05
0.99835,8.7851e-05
0.99856,7.6036e-05
0.99877,6.4433e-05
0.99897,5.3057e-05
0.99918,4.1918e-05
0.99938,3.1031e-05
0.99959,2.0406e-05
0.99979,1.0056e-05
