1,0
0.9998,6.7943e-06
0.99959,1.3654e-05
0.99939,2.0582e-05
0.99918,2.7579e-05
0.99898,3.4644e-05
0.99877,4.1778e-05
0.99857,4.8981e-05
0.99836,5.6251e-05
0.99816,6.359e-05
0.99796,7.0997e-05
0.99775,7.8472e-05
0.99755,8.6014e-05
0.99734,9.3625e-05
0.99714,0.0001013
0.99693,0.00010905
0.99673,0.00011686
0.99652,0.00012474
0.99632,0.00013269
0.99612,0.0001407
0.99591,0.00014878
0.99571,0.00015693
0.9955,0.00016515
0.9953,0.00017343
0.99509,0.00018178
0.99489,0.00019019
0.99469,0.00019867
0.99448,0.00020722
0.99428,0.00021583
0.99407,0.00022451
0.99387,0.00023325
0.99366,0.00024206
0.99346,0.00025094
0.99325,0.00025988
0.99305,0.00026889
0.99285,0.00027796
0.99264,0.0002871
0.99244,0.00029629
0.99223,0.00030556
0.99203,0.00031489
0.99182,0.00032429
0.99162,0.00033375
0.99142,0.00034328
0.99121,0.00035287
0.99101,0.00036252
0.9908,0.00037224
0.9906,0.00038203
0.99039,0.00039188
0.99019,0.00040179
0.98999,0.00041176
0.98978,0.0004218
0.98958,0.0004319
0.98937,0.00044207
0.98917,0.0004523
0.98896,0.00046259
0.98876,0.00047295
0.98856,0.00048336
0.98835,0.00049384
0.98815,0.00050439
0.98794,0.000515
0.98774,0.00052567
0.98753,0.0005364
0.98733,0.00054719
0.98713,0.00055805
0.98692,0.00056897
0.98672,0.00057995
0.98651,0.00059099
0.98631,0.00060209
0.9861,0.00061326
0.9859,0.00062449
0.9857,0.00063578
0.98549,0.00064713
0.98529,0.00065854
0.98508,0.00067001
0.98488,0.00068154
0.98467,0.00069314
0.98447,0.00070479
0.98427,0.00071651
0.98406,0.00072829
0.98386,0.00074013
0.98365,0.00075202
0.98345,0.00076398
0.98325,0.000776
0.98304,0.00078808
0.98284,0.00080022
0.98263,0.00081241
0.98243,0.00082467
0.98222,0.00083699
0.98202,0.00084936
0.98182,0.0008618
0.98161,0.0008743
0.98141,0.00088685
0.9812,0.00089946
0.981,0.00091214
0.98079,0.00092487
0.98059,0.00093766
0.98039,0.00095051
0.98018,0.00096342
0.97998,0.00097638
0.97977,0.00098941
0.97957,0.0010025
0.97937,0.0010156
0.97916,0.0010288
0.97896,0.0010421
0.97875,0.0010554
0.97855,0.0010688
0.97835,0.0010822
0.97814,0.0010957
0.97794,0.0011092
0.97773,0.0011228
0.97753,0.0011365
0.97732,0.0011502
0.97712,0.001164
0.97692,0.0011778
0.97671,0.0011917
0.97651,0.0012056
0.9763,0.0012196
0.9761,0.0012337
0.9759,0.0012478
0.97569,0.001262
0.97549,0.0012762
0.97528,0.0012905
0.97508,0.0013048
0.97488,0.0013192
0.97467,0.0013336
0.97447,0.0013481
0.97426,0.0013627
0.97406,0.0013773
0.97386,0.001392
0.97365,0.0014067
0.97345,0.0014215
0.97324,0.0014363
0.97304,0.0014512
0.97284,0.0014661
0.97263,0.0014811
0.97243,0.0014962
0.97222,0.0015113
0.97202,0.0015264
0.97182,0.0015416
0.97161,0.0015569
0.97141,0.0015722
0.9712,0.0015876
0.971,0.001603
0.9708,0.0016185
0.97059,0.0016341
0.97039,0.0016496
0.97018,0.0016653
0.96998,0.001681
0.96978,0.0016967
0.96957,0.0017125
0.96937,0.0017284
0.96916,0.0017443
0.96896,0.0017602
0.96876,0.0017762
0.96855,0.0017923
0.96835,0.0018084
0.96814,0.0018246
0.96794,0.0018408
0.96774,0.0018571
0.96753,0.0018734
0.96733,0.0018897
0.96713,0.0019062
0.96692,0.0019227
0.96672,0.0019392
0.96651,0.0019558
0.96631,0.0019724
0.96611,0.0019891
0.9659,0.0020058
0.9657,0.0020226
0.96549,0.0020394
0.96529,0.0020563
0.96509,0.0020732
0.96488,0.0020902
0.96468,0.0021072
0.96447,0.0021243
0.96427,0.0021415
0.96407,0.0021587
0.96386,0.0021759
0.96366,0.0021932
0.96346,0.0022105
0.96325,0.0022279
0.96305,0.0022453
0.96284,0.0022628
0.96264,0.0022803
0.96244,0.0022979
0.96223,0.0023155
0.96203,0.0023332
0.96183,0.0023509
0.96162,0.0023687
0.96142,0.0023865
0.96121,0.0024044
0.96101,0.0024223
0.96081,0.0024403
0.9606,0.0024583
0.9604,0.0024764
0.9602,0.0024945
0.95999,0.0025127
0.95979,0.0025309
0.95958,0.0025491
0.95938,0.0025674
0.95918,0.0025858
0.95897,0.0026042
0.95877,0.0026226
0.95857,0.0026411
0.95836,0.0026597
0.95816,0.0026782
0.95795,0.0026969
0.95775,0.0027155
0.95755,0.0027343
0.95734,0.002753
0.95714,0.0027719
0.95694,0.0027907
0.95673,0.0028096
0.95653,0.0028286
0.95632,0.0028476
0.95612,0.0028666
0.95592,0.0028857
0.95571,0.0029049
0.95551,0.002924
0.95531,0.0029433
0.9551,0.0029625
0.9549,0.0029819
0.9547,0.0030012
0.95449,0.0030206
0.95429,0.0030401
0.95408,0.0030596
0.95388,0.0030791
0.95368,0.0030987
0.95347,0.0031183
0.95327,0.003138
0.95307,0.0031577
0.95286,0.0031775
0.95266,0.0031973
0.95246,0.0032171
0.95225,0.003237
0.95205,0.003257
0.95184,0.0032769
0.95164,0.003297
0.95144,0.003317
0.95123,0.0033371
0.95103,0.0033573
0.95083,0.0033775
0.95062,0.0033977
0.95042,0.003418
0.95022,0.0034383
0.95001,0.0034587
0.94981,0.0034791
0.94961,0.0034995
0.9494,0.00352
0.9492,0.0035406
0.949,0.0035611
0.94879,0.0035818
0.94859,0.0036024
0.94839,0.0036231
0.94818,0.0036439
0.94798,0.0036646
0.94777,0.0036855
0.94757,0.0037063
0.94737,0.0037272
0.94716,0.0037482
0.94696,0.0037692
0.94676,0.0037902
0.94655,0.0038113
0.94635,0.0038324
0.94615,0.0038536
0.94594,0.0038747
0.94574,0.003896
0.94554,0.0039172
0.94533,0.0039386
0.94513,0.0039599
0.94493,0.0039813
0.94472,0.0040027
0.94452,0.0040242
0.94432,0.0040457
0.94411,0.0040673
0.94391,0.0040889
0.94371,0.0041105
0.9435,0.0041322
0.9433,0.0041539
0.9431,0.0041756
0.94289,0.0041974
0.94269,0.0042192
0.94249,0.0042411
0.94228,0.004263
0.94208,0.0042849
0.94188,0.0043069
0.94167,0.0043289
0.94147,0.0043509
0.94126,0.004373
0.94106,0.0043952
0.94086,0.0044173
0.94065,0.0044395
0.94045,0.0044618
0.94025,0.0044841
0.94004,0.0045064
0.93984,0.0045287
0.93964,0.0045511
0.93943,0.0045735
0.93923,0.004596
0.93903,0.0046185
0.93882,0.004641
0.93862,0.0046636
0.93842,0.0046862
0.93821,0.0047089
0.93801,0.0047315
0.93781,0.0047543
0.93761,0.004777
0.9374,0.0047998
0.9372,0.0048226
0.937,0.0048455
0.93679,0.0048684
0.93659,0.0048913
0.93639,0.0049143
0.93618,0.0049373
0.93598,0.0049603
0.93578,0.0049834
0.93557,0.0050065
0.93537,0.0050296
0.93517,0.0050528
0.93496,0.005076
0.93476,0.0050993
0.93456,0.0051225
0.93435,0.0051459
0.93415,0.0051692
0.93395,0.0051926
0.93374,0.005216
0.93354,0.0052395
0.93334,0.0052629
0.93313,0.0052865
0.93293,0.00531
0.93273,0.0053336
0.93252,0.0053572
0.93232,0.0053809
0.93212,0.0054045
0.93191,0.0054283
0.93171,0.005452
0.93151,0.0054758
0.93131,0.0054996
0.9311,0.0055234
0.9309,0.0055473
0.9307,0.0055712
0.93049,0.0055952
0.93029,0.0056191
0.93009,0.0056431
0.92988,0.0056672
0.92968,0.0056913
0.92948,0.0057154
0.92927,0.0057395
0.92907,0.0057637
0.92887,0.0057879
0.92866,0.0058121
0.92846,0.0058363
0.92826,0.0058606
0.92806,0.005885
0.92785,0.0059093
0.92765,0.0059337
0.92745,0.0059581
0.92724,0.0059826
0.92704,0.006007
0.92684,0.0060315
0.92663,0.0060561
0.92643,0.0060806
0.92623,0.0061052
0.92602,0.0061299
0.92582,0.0061545
0.92562,0.0061792
0.92542,0.0062039
0.92521,0.0062287
0.92501,0.0062534
0.92481,0.0062783
0.9246,0.0063031
0.9244,0.0063279
0.9242,0.0063528
0.92399,0.0063778
0.92379,0.0064027
0.92359,0.0064277
0.92338,0.0064527
0.92318,0.0064777
0.92298,0.0065028
0.92278,0.0065279
0.92257,0.006553
0.92237,0.0065782
0.92217,0.0066033
0.92196,0.0066285
0.92176,0.0066538
0.92156,0.006679
0.92135,0.0067043
0.92115,0.0067296
0.92095,0.006755
0.92075,0.0067803
0.92054,0.0068057
0.92034,0.0068311
0.92014,0.0068566
0.91993,0.0068821
0.91973,0.0069076
0.91953,0.0069331
0.91933,0.0069587
0.91912,0.0069842
0.91892,0.0070099
0.91872,0.0070355
0.91851,0.0070612
0.91831,0.0070868
0.91811,0.0071126
0.9179,0.0071383
0.9177,0.0071641
0.9175,0.0071899
0.9173,0.0072157
0.91709,0.0072415
0.91689,0.0072674
0.91669,0.0072933
0.91648,0.0073192
0.91628,0.0073451
0.91608,0.0073711
0.91588,0.0073971
0.91567,0.0074231
0.91547,0.0074491
0.91527,0.0074752
0.91506,0.0075013
0.91486,0.0075274
0.91466,0.0075535
0.91446,0.0075797
0.91425,0.0076059
0.91405,0.0076321
0.91385,0.0076583
0.91364,0.0076846
0.91344,0.0077109
0.91324,0.0077372
0.91304,0.0077635
0.91283,0.0077898
0.91263,0.0078162
0.91243,0.0078426
0.91222,0.007869
0.91202,0.0078955
0.91182,0.0079219
0.91162,0.0079484
0.91141,0.0079749
0.91121,0.0080015
0.91101,0.008028
0.9108,0.0080546
0.9106,0.0080812
0.9104,0.0081078
0.9102,0.0081344
0.90999,0.0081611
0.90979,0.0081878
0.90959,0.0082145
0.90938,0.0082412
0.90918,0.008268
0.90898,0.0082947
0.90878,0.0083215
0.90857,0.0083483
0.90837,0.0083752
0.90817,0.008402
0.90796,0.0084289
0.90776,0.0084558
0.90756,0.0084827
0.90736,0.0085097
0.90715,0.0085366
0.90695,0.0085636
0.90675,0.0085906
0.90655,0.0086176
0.90634,0.0086446
0.90614,0.0086717
0.90594,0.0086988
0.90573,0.0087258
0.90553,0.008753
0.90533,0.0087801
0.90513,0.0088072
0.90492,0.0088344
0.90472,0.0088616
0.90452,0.0088888
0.90432,0.008916
0.90411,0.0089433
0.90391,0.0089706
0.90371,0.0089978
0.9035,0.0090251
0.9033,0.0090525
0.9031,0.0090798
0.9029,0.0091072
0.90269,0.0091345
0.90249,0.0091619
0.90229,0.0091894
0.90209,0.0092168
0.90188,0.0092442
0.90168,0.0092717
0.90148,0.0092992
0.90127,0.0093267
0.90107,0.0093542
0.90087,0.0093817
0.90067,0.0094093
0.90046,0.0094368
0.90026,0.0094644
0.90006,0.009492
0.89986,0.0095197
0.89965,0.0095473
0.89945,0.0095749
0.89925,0.0096026
0.89905,0.0096303
0.89884,0.009658
0.89864,0.0096857
0.89844,0.0097134
0.89823,0.0097412
0.89803,0.009769
0.89783,0.0097967
0.89763,0.0098245
0.89742,0.0098524
0.89722,0.0098802
0.89702,0.009908
0.89682,0.0099359
0.89661,0.0099638
0.89641,0.0099917
0.89621,0.01002
0.89601,0.010048
0.8958,0.010075
0.8956,0.010103
0.8954,0.010131
0.89519,0.010159
0.89499,0.010187
0.89479,0.010215
0.89459,0.010243
0.89438,0.010272
0.89418,0.0103
0.89398,0.010328
0.89378,0.010356
0.89357,0.010384
0.89337,0.010412
0.89317,0.01044
0.89297,0.010468
0.89276,0.010497
0.89256,0.010525
0.89236,0.010553
0.89216,0.010581
0.89195,0.010609
0.89175,0.010638
0.89155,0.010666
0.89135,0.010694
0.89114,0.010723
0.89094,0.010751
0.89074,0.010779
0.89053,0.010808
0.89033,0.010836
0.89013,0.010864
0.88993,0.010893
0.88972,0.010921
0.88952,0.01095
0.88932,0.010978
0.88912,0.011007
0.88891,0.011035
0.88871,0.011064
0.88851,0.011092
0.88831,0.011121
0.8881,0.011149
0.8879,0.011178
0.8877,0.011206
0.8875,0.011235
0.88729,0.011263
0.88709,0.011292
0.88689,0.011321
0.88669,0.011349
0.88648,0.011378
0.88628,0.011407
0.88608,0.011435
0.88588,0.011464
0.88567,0.011493
0.88547,0.011522
0.88527,0.01155
0.88507,0.011579
0.88486,0.011608
0.88466,0.011637
0.88446,0.011665
0.88426,0.011694
0.88405,0.011723
0.88385,0.011752
0.88365,0.011781
0.88345,0.01181
0.88324,0.011839
0.88304,0.011868
0.88284,0.011896
0.88264,0.011925
0.88243,0.011954
0.88223,0.011983
0.88203,0.012012
0.88183,0.012041
0.88162,0.01207
0.88142,0.012099
0.88122,0.012128
0.88102,0.012157
0.88081,0.012187
0.88061,0.012216
0.88041,0.012245
0.88021,0.012274
0.88,0.012303
0.8798,0.012332
0.8796,0.012361
0.8794,0.01239
0.87919,0.01242
0.87899,0.012449
0.87879,0.012478
0.87859,0.012507
0.87838,0.012537
0.87818,0.012566
0.87798,0.012595
0.87778,0.012624
0.87757,0.012654
0.87737,0.012683
0.87717,0.012712
0.87697,0.012742
0.87676,0.012771
0.87656,0.0128
0.87636,0.01283
0.87616,0.012859
0.87595,0.012889
0.87575,0.012918
0.87555,0.012948
0.87535,0.012977
0.87514,0.013006
0.87494,0.013036
0.87474,0.013065
0.87454,0.013095
0.87434,0.013124
0.87413,0.013154
0.87393,0.013184
0.87373,0.013213
0.87353,0.013243
0.87332,0.013272
0.87312,0.013302
0.87292,0.013332
0.87272,0.013361
0.87251,0.013391
0.87231,0.01342
0.87211,0.01345
0.87191,0.01348
0.8717,0.01351
0.8715,0.013539
0.8713,0.013569
0.8711,0.013599
0.87089,0.013628
0.87069,0.013658
0.87049,0.013688
0.87029,0.013718
0.87008,0.013748
0.86988,0.013777
0.86968,0.013807
0.86948,0.013837
0.86928,0.013867
0.86907,0.013897
0.86887,0.013927
0.86867,0.013957
0.86847,0.013987
0.86826,0.014017
0.86806,0.014046
0.86786,0.014076
0.86766,0.014106
0.86745,0.014136
0.86725,0.014166
0.86705,0.014196
0.86685,0.014226
0.86665,0.014256
0.86644,0.014286
0.86624,0.014317
0.86604,0.014347
0.86584,0.014377
0.86563,0.014407
0.86543,0.014437
0.86523,0.014467
0.86503,0.014497
0.86482,0.014527
0.86462,0.014557
0.86442,0.014588
0.86422,0.014618
0.86401,0.014648
0.86381,0.014678
0.86361,0.014708
0.86341,0.014739
0.86321,0.014769
0.863,0.014799
0.8628,0.014829
0.8626,0.01486
0.8624,0.01489
0.86219,0.01492
0.86199,0.014951
0.86179,0.014981
0.86159,0.015011
0.86139,0.015042
0.86118,0.015072
0.86098,0.015102
0.86078,0.015133
0.86058,0.015163
0.86037,0.015194
0.86017,0.015224
0.85997,0.015255
0.85977,0.015285
0.85956,0.015315
0.85936,0.015346
0.85916,0.015376
0.85896,0.015407
0.85876,0.015437
0.85855,0.015468
0.85835,0.015499
0.85815,0.015529
0.85795,0.01556
0.85774,0.01559
0.85754,0.015621
0.85734,0.015651
0.85714,0.015682
0.85694,0.015713
0.85673,0.015743
0.85653,0.015774
0.85633,0.015805
0.85613,0.015835
0.85592,0.015866
0.85572,0.015897
0.85552,0.015927
0.85532,0.015958
0.85511,0.015989
0.85491,0.01602
0.85471,0.01605
0.85451,0.016081
0.85431,0.016112
0.8541,0.016143
0.8539,0.016173
0.8537,0.016204
0.8535,0.016235
0.85329,0.016266
0.85309,0.016297
0.85289,0.016328
0.85269,0.016359
0.85249,0.016389
0.85228,0.01642
0.85208,0.016451
0.85188,0.016482
0.85168,0.016513
0.85148,0.016544
0.85127,0.016575
0.85107,0.016606
0.85087,0.016637
0.85067,0.016668
0.85046,0.016699
0.85026,0.01673
0.85006,0.016761
0.84986,0.016792
0.84966,0.016823
0.84945,0.016854
0.84925,0.016885
0.84905,0.016916
0.84885,0.016947
0.84864,0.016978
0.84844,0.017009
0.84824,0.01704
0.84804,0.017072
0.84784,0.017103
0.84763,0.017134
0.84743,0.017165
0.84723,0.017196
0.84703,0.017227
0.84682,0.017259
0.84662,0.01729
0.84642,0.017321
0.84622,0.017352
0.84602,0.017383
0.84581,0.017415
0.84561,0.017446
0.84541,0.017477
0.84521,0.017508
0.84501,0.01754
0.8448,0.017571
0.8446,0.017602
0.8444,0.017634
0.8442,0.017665
0.84399,0.017696
0.84379,0.017728
0.84359,0.017759
0.84339,0.01779
0.84319,0.017822
0.84298,0.017853
0.84278,0.017885
0.84258,0.017916
0.84238,0.017947
0.84218,0.017979
0.84197,0.01801
0.84177,0.018042
0.84157,0.018073
0.84137,0.018105
0.84116,0.018136
0.84096,0.018168
0.84076,0.018199
0.84056,0.018231
0.84036,0.018262
0.84015,0.018294
0.83995,0.018325
0.83975,0.018357
0.83955,0.018388
0.83935,0.01842
0.83914,0.018451
0.83894,0.018483
0.83874,0.018515
0.83854,0.018546
0.83834,0.018578
0.83813,0.018609
0.83793,0.018641
0.83773,0.018673
0.83753,0.018704
0.83732,0.018736
0.83712,0.018768
0.83692,0.018799
0.83672,0.018831
0.83652,0.018863
0.83631,0.018894
0.83611,0.018926
0.83591,0.018958
0.83571,0.01899
0.83551,0.019021
0.8353,0.019053
0.8351,0.019085
0.8349,0.019117
0.8347,0.019148
0.8345,0.01918
0.83429,0.019212
0.83409,0.019244
0.83389,0.019276
0.83369,0.019307
0.83349,0.019339
0.83328,0.019371
0.83308,0.019403
0.83288,0.019435
0.83268,0.019467
0.83248,0.019499
0.83227,0.01953
0.83207,0.019562
0.83187,0.019594
0.83167,0.019626
0.83146,0.019658
0.83126,0.01969
0.83106,0.019722
0.83086,0.019754
0.83066,0.019786
0.83045,0.019818
0.83025,0.01985
0.83005,0.019882
0.82985,0.019914
0.82965,0.019946
0.82944,0.019978
0.82924,0.02001
0.82904,0.020042
0.82884,0.020074
0.82864,0.020106
0.82843,0.020138
0.82823,0.02017
0.82803,0.020202
0.82783,0.020234
0.82763,0.020266
0.82742,0.020298
0.82722,0.02033
0.82702,0.020363
0.82682,0.020395
0.82662,0.020427
0.82641,0.020459
0.82621,0.020491
0.82601,0.020523
0.82581,0.020555
0.82561,0.020587
0.8254,0.02062
0.8252,0.020652
0.825,0.020684
0.8248,0.020716
0.8246,0.020748
0.82439,0.020781
0.82419,0.020813
0.82399,0.020845
0.82379,0.020877
0.82359,0.02091
0.82338,0.020942
0.82318,0.020974
0.82298,0.021006
0.82278,0.021039
0.82258,0.021071
0.82237,0.021103
0.82217,0.021135
0.82197,0.021168
0.82177,0.0212
0.82157,0.021232
0.82136,0.021265
0.82116,0.021297
0.82096,0.021329
0.82076,0.021362
0.82056,0.021394
0.82035,0.021426
0.82015,0.021459
0.81995,0.021491
0.81975,0.021523
0.81955,0.021556
0.81934,0.021588
0.81914,0.021621
0.81894,0.021653
0.81874,0.021685
0.81854,0.021718
0.81833,0.02175
0.81813,0.021783
0.81793,0.021815
0.81773,0.021848
0.81753,0.02188
0.81732,0.021913
0.81712,0.021945
0.81692,0.021977
0.81672,0.02201
0.81652,0.022042
0.81631,0.022075
0.81611,0.022107
0.81591,0.02214
0.81571,0.022172
0.81551,0.022205
0.81531,0.022237
0.8151,0.02227
0.8149,0.022303
0.8147,0.022335
0.8145,0.022368
0.8143,0.0224
0.81409,0.022433
0.81389,0.022465
0.81369,0.022498
0.81349,0.02253
0.81329,0.022563
0.81308,0.022596
0.81288,0.022628
0.81268,0.022661
0.81248,0.022694
0.81228,0.022726
0.81207,0.022759
0.81187,0.022791
0.81167,0.022824
0.81147,0.022857
0.81127,0.022889
0.81106,0.022922
0.81086,0.022955
0.81066,0.022987
0.81046,0.02302
0.81026,0.023053
0.81005,0.023085
0.80985,0.023118
0.80965,0.023151
0.80945,0.023183
0.80925,0.023216
0.80905,0.023249
0.80884,0.023282
0.80864,0.023314
0.80844,0.023347
0.80824,0.02338
0.80804,0.023413
0.80783,0.023445
0.80763,0.023478
0.80743,0.023511
0.80723,0.023544
0.80703,0.023576
0.80682,0.023609
0.80662,0.023642
0.80642,0.023675
0.80622,0.023707
0.80602,0.02374
0.80581,0.023773
0.80561,0.023806
0.80541,0.023839
0.80521,0.023872
0.80501,0.023904
0.80481,0.023937
0.8046,0.02397
0.8044,0.024003
0.8042,0.024036
0.804,0.024069
0.8038,0.024101
0.80359,0.024134
0.80339,0.024167
0.80319,0.0242
0.80299,0.024233
0.80279,0.024266
0.80258,0.024299
0.80238,0.024332
0.80218,0.024364
0.80198,0.024397
0.80178,0.02443
0.80157,0.024463
0.80137,0.024496
0.80117,0.024529
0.80097,0.024562
0.80077,0.024595
0.80057,0.024628
0.80036,0.024661
0.80016,0.024694
0.79996,0.024727
0.79976,0.02476
0.79956,0.024792
0.79935,0.024825
0.79915,0.024858
0.79895,0.024891
0.79875,0.024924
0.79855,0.024957
0.79834,0.02499
0.79814,0.025023
0.79794,0.025056
0.79774,0.025089
0.79754,0.025122
0.79734,0.025155
0.79713,0.025188
0.79693,0.025221
0.79673,0.025254
0.79653,0.025287
0.79633,0.02532
0.79612,0.025353
0.79592,0.025386
0.79572,0.025419
0.79552,0.025452
0.79532,0.025486
0.79511,0.025519
0.79491,0.025552
0.79471,0.025585
0.79451,0.025618
0.79431,0.025651
0.79411,0.025684
0.7939,0.025717
0.7937,0.02575
0.7935,0.025783
0.7933,0.025816
0.7931,0.025849
0.79289,0.025882
0.79269,0.025915
0.79249,0.025949
0.79229,0.025982
0.79209,0.026015
0.79188,0.026048
0.79168,0.026081
0.79148,0.026114
0.79128,0.026147
0.79108,0.02618
0.79088,0.026213
0.79067,0.026247
0.79047,0.02628
0.79027,0.026313
0.79007,0.026346
0.78987,0.026379
0.78966,0.026412
0.78946,0.026445
0.78926,0.026479
0.78906,0.026512
0.78886,0.026545
0.78866,0.026578
0.78845,0.026611
0.78825,0.026644
0.78805,0.026677
0.78785,0.026711
0.78765,0.026744
0.78744,0.026777
0.78724,0.02681
0.78704,0.026843
0.78684,0.026877
0.78664,0.02691
0.78643,0.026943
0.78623,0.026976
0.78603,0.027009
0.78583,0.027043
0.78563,0.027076
0.78543,0.027109
0.78522,0.027142
0.78502,0.027175
0.78482,0.027209
0.78462,0.027242
0.78442,0.027275
0.78421,0.027308
0.78401,0.027342
0.78381,0.027375
0.78361,0.027408
0.78341,0.027441
0.78321,0.027474
0.783,0.027508
0.7828,0.027541
0.7826,0.027574
0.7824,0.027607
0.7822,0.027641
0.78199,0.027674
0.78179,0.027707
0.78159,0.02774
0.78139,0.027774
0.78119,0.027807
0.78099,0.02784
0.78078,0.027873
0.78058,0.027907
0.78038,0.02794
0.78018,0.027973
0.77998,0.028007
0.77977,0.02804
0.77957,0.028073
0.77937,0.028106
0.77917,0.02814
0.77897,0.028173
0.77877,0.028206
0.77856,0.02824
0.77836,0.028273
0.77816,0.028306
0.77796,0.028339
0.77776,0.028373
0.77755,0.028406
0.77735,0.028439
0.77715,0.028473
0.77695,0.028506
0.77675,0.028539
0.77655,0.028573
0.77634,0.028606
0.77614,0.028639
0.77594,0.028672
0.77574,0.028706
0.77554,0.028739
0.77533,0.028772
0.77513,0.028806
0.77493,0.028839
0.77473,0.028872
0.77453,0.028906
0.77433,0.028939
0.77412,0.028972
0.77392,0.029006
0.77372,0.029039
0.77352,0.029072
0.77332,0.029106
0.77311,0.029139
0.77291,0.029172
0.77271,0.029206
0.77251,0.029239
0.77231,0.029272
0.77211,0.029306
0.7719,0.029339
0.7717,0.029372
0.7715,0.029406
0.7713,0.029439
0.7711,0.029472
0.77089,0.029506
0.77069,0.029539
0.77049,0.029573
0.77029,0.029606
0.77009,0.029639
0.76989,0.029673
0.76968,0.029706
0.76948,0.029739
0.76928,0.029773
0.76908,0.029806
0.76888,0.029839
0.76867,0.029873
0.76847,0.029906
0.76827,0.029939
0.76807,0.029973
0.76787,0.030006
0.76767,0.03004
0.76746,0.030073
0.76726,0.030106
0.76706,0.03014
0.76686,0.030173
0.76666,0.030206
0.76645,0.03024
0.76625,0.030273
0.76605,0.030306
0.76585,0.03034
0.76565,0.030373
0.76545,0.030407
0.76524,0.03044
0.76504,0.030473
0.76484,0.030507
0.76464,0.03054
0.76444,0.030573
0.76423,0.030607
0.76403,0.03064
0.76383,0.030674
0.76363,0.030707
0.76343,0.03074
0.76323,0.030774
0.76302,0.030807
0.76282,0.03084
0.76262,0.030874
0.76242,0.030907
0.76222,0.030941
0.76201,0.030974
0.76181,0.031007
0.76161,0.031041
0.76141,0.031074
0.76121,0.031107
0.76101,0.031141
0.7608,0.031174
0.7606,0.031208
0.7604,0.031241
0.7602,0.031274
0.76,0.031308
0.75979,0.031341
0.75959,0.031374
0.75939,0.031408
0.75919,0.031441
0.75899,0.031475
0.75879,0.031508
0.75858,0.031541
0.75838,0.031575
0.75818,0.031608
0.75798,0.031641
0.75778,0.031675
0.75757,0.031708
0.75737,0.031741
0.75717,0.031775
0.75697,0.031808
0.75677,0.031842
0.75657,0.031875
0.75636,0.031908
0.75616,0.031942
0.75596,0.031975
0.75576,0.032008
0.75556,0.032042
0.75535,0.032075
0.75515,0.032109
0.75495,0.032142
0.75475,0.032175
0.75455,0.032209
0.75435,0.032242
0.75414,0.032275
0.75394,0.032309
0.75374,0.032342
0.75354,0.032375
0.75334,0.032409
0.75313,0.032442
0.75293,0.032475
0.75273,0.032509
0.75253,0.032542
0.75233,0.032576
0.75213,0.032609
0.75192,0.032642
0.75172,0.032676
0.75152,0.032709
0.75132,0.032742
0.75112,0.032776
0.75091,0.032809
0.75071,0.032842
0.75051,0.032876
0.75031,0.032909
0.75011,0.032942
0.74991,0.032976
0.7497,0.033009
0.7495,0.033042
0.7493,0.033076
0.7491,0.033109
0.7489,0.033142
0.74869,0.033176
0.74849,0.033209
0.74829,0.033242
0.74809,0.033276
0.74789,0.033309
0.74769,0.033342
0.74748,0.033376
0.74728,0.033409
0.74708,0.033442
0.74688,0.033475
0.74668,0.033509
0.74647,0.033542
0.74627,0.033575
0.74607,0.033609
0.74587,0.033642
0.74567,0.033675
0.74547,0.033709
0.74526,0.033742
0.74506,0.033775
0.74486,0.033809
0.74466,0.033842
0.74446,0.033875
0.74425,0.033908
0.74405,0.033942
0.74385,0.033975
0.74365,0.034008
0.74345,0.034042
0.74325,0.034075
0.74304,0.034108
0.74284,0.034141
0.74264,0.034175
0.74244,0.034208
0.74224,0.034241
0.74203,0.034274
0.74183,0.034308
0.74163,0.034341
0.74143,0.034374
0.74123,0.034408
0.74103,0.034441
0.74082,0.034474
0.74062,0.034507
0.74042,0.034541
0.74022,0.034574
0.74002,0.034607
0.73981,0.03464
0.73961,0.034674
0.73941,0.034707
0.73921,0.03474
0.73901,0.034773
0.7388,0.034807
0.7386,0.03484
0.7384,0.034873
0.7382,0.034906
0.738,0.034939
0.7378,0.034973
0.73759,0.035006
0.73739,0.035039
0.73719,0.035072
0.73699,0.035106
0.73679,0.035139
0.73658,0.035172
0.73638,0.035205
0.73618,0.035238
0.73598,0.035272
0.73578,0.035305
0.73558,0.035338
0.73537,0.035371
0.73517,0.035404
0.73497,0.035438
0.73477,0.035471
0.73457,0.035504
0.73436,0.035537
0.73416,0.03557
0.73396,0.035603
0.73376,0.035637
0.73356,0.03567
0.73336,0.035703
0.73315,0.035736
0.73295,0.035769
0.73275,0.035802
0.73255,0.035836
0.73235,0.035869
0.73214,0.035902
0.73194,0.035935
0.73174,0.035968
0.73154,0.036001
0.73134,0.036034
0.73113,0.036068
0.73093,0.036101
0.73073,0.036134
0.73053,0.036167
0.73033,0.0362
0.73013,0.036233
0.72992,0.036266
0.72972,0.036299
0.72952,0.036332
0.72932,0.036366
0.72912,0.036399
0.72891,0.036432
0.72871,0.036465
0.72851,0.036498
0.72831,0.036531
0.72811,0.036564
0.72791,0.036597
0.7277,0.03663
0.7275,0.036663
0.7273,0.036696
0.7271,0.03673
0.7269,0.036763
0.72669,0.036796
0.72649,0.036829
0.72629,0.036862
0.72609,0.036895
0.72589,0.036928
0.72568,0.036961
0.72548,0.036994
0.72528,0.037027
0.72508,0.03706
0.72488,0.037093
0.72468,0.037126
0.72447,0.037159
0.72427,0.037192
0.72407,0.037225
0.72387,0.037258
0.72367,0.037291
0.72346,0.037324
0.72326,0.037357
0.72306,0.03739
0.72286,0.037423
0.72266,0.037456
0.72245,0.037489
0.72225,0.037522
0.72205,0.037555
0.72185,0.037588
0.72165,0.037621
0.72145,0.037654
0.72124,0.037687
0.72104,0.03772
0.72084,0.037753
0.72064,0.037786
0.72044,0.037819
0.72023,0.037852
0.72003,0.037885
0.71983,0.037918
0.71963,0.037951
0.71943,0.037984
0.71922,0.038016
0.71902,0.038049
0.71882,0.038082
0.71862,0.038115
0.71842,0.038148
0.71821,0.038181
0.71801,0.038214
0.71781,0.038247
0.71761,0.03828
0.71741,0.038313
0.71721,0.038345
0.717,0.038378
0.7168,0.038411
0.7166,0.038444
0.7164,0.038477
0.7162,0.03851
0.71599,0.038543
0.71579,0.038576
0.71559,0.038608
0.71539,0.038641
0.71519,0.038674
0.71498,0.038707
0.71478,0.03874
0.71458,0.038773
0.71438,0.038805
0.71418,0.038838
0.71398,0.038871
0.71377,0.038904
0.71357,0.038937
0.71337,0.038969
0.71317,0.039002
0.71297,0.039035
0.71276,0.039068
0.71256,0.039101
0.71236,0.039133
0.71216,0.039166
0.71196,0.039199
0.71175,0.039232
0.71155,0.039264
0.71135,0.039297
0.71115,0.03933
0.71095,0.039363
0.71074,0.039395
0.71054,0.039428
0.71034,0.039461
0.71014,0.039494
0.70994,0.039526
0.70973,0.039559
0.70953,0.039592
0.70933,0.039624
0.70913,0.039657
0.70893,0.03969
0.70873,0.039723
0.70852,0.039755
0.70832,0.039788
0.70812,0.039821
0.70792,0.039853
0.70772,0.039886
0.70751,0.039919
0.70731,0.039951
0.70711,0.039984
0.70691,0.040017
0.70671,0.040049
0.7065,0.040082
0.7063,0.040114
0.7061,0.040147
0.7059,0.04018
0.7057,0.040212
0.70549,0.040245
0.70529,0.040278
0.70509,0.04031
0.70489,0.040343
0.70469,0.040375
0.70448,0.040408
0.70428,0.04044
0.70408,0.040473
0.70388,0.040506
0.70368,0.040538
0.70347,0.040571
0.70327,0.040603
0.70307,0.040636
0.70287,0.040668
0.70267,0.040701
0.70247,0.040733
0.70226,0.040766
0.70206,0.040798
0.70186,0.040831
0.70166,0.040863
0.70146,0.040896
0.70125,0.040928
0.70105,0.040961
0.70085,0.040993
0.70065,0.041026
0.70045,0.041058
0.70024,0.041091
0.70004,0.041123
0.69984,0.041156
0.69964,0.041188
0.69944,0.041221
0.69923,0.041253
0.69903,0.041286
0.69883,0.041318
0.69863,0.04135
0.69843,0.041383
0.69822,0.041415
0.69802,0.041448
0.69782,0.04148
0.69762,0.041512
0.69742,0.041545
0.69721,0.041577
0.69701,0.04161
0.69681,0.041642
0.69661,0.041674
0.69641,0.041707
0.6962,0.041739
0.696,0.041771
0.6958,0.041804
0.6956,0.041836
0.6954,0.041868
0.69519,0.041901
0.69499,0.041933
0.69479,0.041965
0.69459,0.041998
0.69439,0.04203
0.69418,0.042062
0.69398,0.042094
0.69378,0.042127
0.69358,0.042159
0.69338,0.042191
0.69317,0.042223
0.69297,0.042256
0.69277,0.042288
0.69257,0.04232
0.69237,0.042352
0.69216,0.042385
0.69196,0.042417
0.69176,0.042449
0.69156,0.042481
0.69136,0.042513
0.69115,0.042546
0.69095,0.042578
0.69075,0.04261
0.69055,0.042642
0.69035,0.042674
0.69014,0.042707
0.68994,0.042739
0.68974,0.042771
0.68954,0.042803
0.68934,0.042835
0.68913,0.042867
0.68893,0.042899
0.68873,0.042931
0.68853,0.042964
0.68833,0.042996
0.68812,0.043028
0.68792,0.04306
0.68772,0.043092
0.68752,0.043124
0.68732,0.043156
0.68711,0.043188
0.68691,0.04322
0.68671,0.043252
0.68651,0.043284
0.68631,0.043316
0.6861,0.043348
0.6859,0.04338
0.6857,0.043412
0.6855,0.043444
0.6853,0.043476
0.68509,0.043508
0.68489,0.04354
0.68469,0.043572
0.68449,0.043604
0.68429,0.043636
0.68408,0.043668
0.68388,0.0437
0.68368,0.043732
0.68348,0.043764
0.68328,0.043796
0.68307,0.043828
0.68287,0.04386
0.68267,0.043892
0.68247,0.043924
0.68226,0.043956
0.68206,0.043988
0.68186,0.04402
0.68166,0.044051
0.68146,0.044083
0.68125,0.044115
0.68105,0.044147
0.68085,0.044179
0.68065,0.044211
0.68045,0.044243
0.68024,0.044274
0.68004,0.044306
0.67984,0.044338
0.67964,0.04437
0.67944,0.044402
0.67923,0.044433
0.67903,0.044465
0.67883,0.044497
0.67863,0.044529
0.67843,0.044561
0.67822,0.044592
0.67802,0.044624
0.67782,0.044656
0.67762,0.044688
0.67742,0.044719
0.67721,0.044751
0.67701,0.044783
0.67681,0.044814
0.67661,0.044846
0.6764,0.044878
0.6762,0.04491
0.676,0.044941
0.6758,0.044973
0.6756,0.045005
0.67539,0.045036
0.67519,0.045068
0.67499,0.0451
0.67479,0.045131
0.67459,0.045163
0.67438,0.045194
0.67418,0.045226
0.67398,0.045258
0.67378,0.045289
0.67358,0.045321
0.67337,0.045352
0.67317,0.045384
0.67297,0.045416
0.67277,0.045447
0.67257,0.045479
0.67236,0.04551
0.67216,0.045542
0.67196,0.045573
0.67176,0.045605
0.67155,0.045636
0.67135,0.045668
0.67115,0.045699
0.67095,0.045731
0.67075,0.045762
0.67054,0.045794
0.67034,0.045825
0.67014,0.045857
0.66994,0.045888
0.66974,0.04592
0.66953,0.045951
0.66933,0.045983
0.66913,0.046014
0.66893,0.046045
0.66872,0.046077
0.66852,0.046108
0.66832,0.04614
0.66812,0.046171
0.66792,0.046202
0.66771,0.046234
0.66751,0.046265
0.66731,0.046296
0.66711,0.046328
0.66691,0.046359
0.6667,0.04639
0.6665,0.046422
0.6663,0.046453
0.6661,0.046484
0.66589,0.046516
0.66569,0.046547
0.66549,0.046578
0.66529,0.04661
0.66509,0.046641
0.66488,0.046672
0.66468,0.046703
0.66448,0.046735
0.66428,0.046766
0.66408,0.046797
0.66387,0.046828
0.66367,0.046859
0.66347,0.046891
0.66327,0.046922
0.66306,0.046953
0.66286,0.046984
0.66266,0.047015
0.66246,0.047047
0.66226,0.047078
0.66205,0.047109
0.66185,0.04714
0.66165,0.047171
0.66145,0.047202
0.66125,0.047233
0.66104,0.047264
0.66084,0.047295
0.66064,0.047327
0.66044,0.047358
0.66023,0.047389
0.66003,0.04742
0.65983,0.047451
0.65963,0.047482
0.65943,0.047513
0.65922,0.047544
0.65902,0.047575
0.65882,0.047606
0.65862,0.047637
0.65841,0.047668
0.65821,0.047699
0.65801,0.04773
0.65781,0.047761
0.65761,0.047792
0.6574,0.047823
0.6572,0.047854
0.657,0.047885
0.6568,0.047916
0.65659,0.047947
0.65639,0.047977
0.65619,0.048008
0.65599,0.048039
0.65579,0.04807
0.65558,0.048101
0.65538,0.048132
0.65518,0.048163
0.65498,0.048194
0.65478,0.048224
0.65457,0.048255
0.65437,0.048286
0.65417,0.048317
0.65397,0.048348
0.65376,0.048378
0.65356,0.048409
0.65336,0.04844
0.65316,0.048471
0.65296,0.048502
0.65275,0.048532
0.65255,0.048563
0.65235,0.048594
0.65215,0.048625
0.65194,0.048655
0.65174,0.048686
0.65154,0.048717
0.65134,0.048747
0.65113,0.048778
0.65093,0.048809
0.65073,0.048839
0.65053,0.04887
0.65033,0.048901
0.65012,0.048931
0.64992,0.048962
0.64972,0.048993
0.64952,0.049023
0.64931,0.049054
0.64911,0.049084
0.64891,0.049115
0.64871,0.049145
0.64851,0.049176
0.6483,0.049207
0.6481,0.049237
0.6479,0.049268
0.6477,0.049298
0.64749,0.049329
0.64729,0.049359
0.64709,0.04939
0.64689,0.04942
0.64669,0.049451
0.64648,0.049481
0.64628,0.049512
0.64608,0.049542
0.64588,0.049572
0.64567,0.049603
0.64547,0.049633
0.64527,0.049664
0.64507,0.049694
0.64486,0.049725
0.64466,0.049755
0.64446,0.049785
0.64426,0.049816
0.64406,0.049846
0.64385,0.049876
0.64365,0.049907
0.64345,0.049937
0.64325,0.049967
0.64304,0.049998
0.64284,0.050028
0.64264,0.050058
0.64244,0.050089
0.64223,0.050119
0.64203,0.050149
0.64183,0.050179
0.64163,0.05021
0.64143,0.05024
0.64122,0.05027
0.64102,0.0503
0.64082,0.05033
0.64062,0.050361
0.64041,0.050391
0.64021,0.050421
0.64001,0.050451
0.63981,0.050481
0.6396,0.050511
0.6394,0.050542
0.6392,0.050572
0.639,0.050602
0.6388,0.050632
0.63859,0.050662
0.63839,0.050692
0.63819,0.050722
0.63799,0.050752
0.63778,0.050782
0.63758,0.050812
0.63738,0.050842
0.63718,0.050872
0.63697,0.050902
0.63677,0.050932
0.63657,0.050962
0.63637,0.050992
0.63617,0.051022
0.63596,0.051052
0.63576,0.051082
0.63556,0.051112
0.63536,0.051142
0.63515,0.051172
0.63495,0.051202
0.63475,0.051232
0.63455,0.051262
0.63434,0.051292
0.63414,0.051322
0.63394,0.051352
0.63374,0.051381
0.63353,0.051411
0.63333,0.051441
0.63313,0.051471
0.63293,0.051501
0.63272,0.05153
0.63252,0.05156
0.63232,0.05159
0.63212,0.05162
0.63192,0.05165
0.63171,0.051679
0.63151,0.051709
0.63131,0.051739
0.63111,0.051769
0.6309,0.051798
0.6307,0.051828
0.6305,0.051858
0.6303,0.051887
0.63009,0.051917
0.62989,0.051947
0.62969,0.051976
0.62949,0.052006
0.62928,0.052036
0.62908,0.052065
0.62888,0.052095
0.62868,0.052124
0.62847,0.052154
0.62827,0.052183
0.62807,0.052213
0.62787,0.052243
0.62767,0.052272
0.62746,0.052302
0.62726,0.052331
0.62706,0.052361
0.62686,0.05239
0.62665,0.05242
0.62645,0.052449
0.62625,0.052479
0.62605,0.052508
0.62584,0.052538
0.62564,0.052567
0.62544,0.052596
0.62524,0.052626
0.62503,0.052655
0.62483,0.052685
0.62463,0.052714
0.62443,0.052743
0.62422,0.052773
0.62402,0.052802
0.62382,0.052831
0.62362,0.052861
0.62341,0.05289
0.62321,0.052919
0.62301,0.052949
0.62281,0.052978
0.6226,0.053007
0.6224,0.053036
0.6222,0.053066
0.622,0.053095
0.62179,0.053124
0.62159,0.053153
0.62139,0.053182
0.62119,0.053212
0.62098,0.053241
0.62078,0.05327
0.62058,0.053299
0.62038,0.053328
0.62017,0.053357
0.61997,0.053387
0.61977,0.053416
0.61957,0.053445
0.61936,0.053474
0.61916,0.053503
0.61896,0.053532
0.61876,0.053561
0.61855,0.05359
0.61835,0.053619
0.61815,0.053648
0.61795,0.053677
0.61775,0.053706
0.61754,0.053735
0.61734,0.053764
0.61714,0.053793
0.61694,0.053822
0.61673,0.053851
0.61653,0.05388
0.61633,0.053909
0.61613,0.053938
0.61592,0.053967
0.61572,0.053995
0.61552,0.054024
0.61532,0.054053
0.61511,0.054082
0.61491,0.054111
0.61471,0.05414
0.6145,0.054168
0.6143,0.054197
0.6141,0.054226
0.6139,0.054255
0.61369,0.054284
0.61349,0.054312
0.61329,0.054341
0.61309,0.05437
0.61288,0.054399
0.61268,0.054427
0.61248,0.054456
0.61228,0.054485
0.61207,0.054513
0.61187,0.054542
0.61167,0.054571
0.61147,0.054599
0.61126,0.054628
0.61106,0.054656
0.61086,0.054685
0.61066,0.054714
0.61045,0.054742
0.61025,0.054771
0.61005,0.054799
0.60985,0.054828
0.60964,0.054856
0.60944,0.054885
0.60924,0.054913
0.60904,0.054942
0.60883,0.05497
0.60863,0.054999
0.60843,0.055027
0.60823,0.055056
0.60802,0.055084
0.60782,0.055113
0.60762,0.055141
0.60742,0.055169
0.60721,0.055198
0.60701,0.055226
0.60681,0.055254
0.60661,0.055283
0.6064,0.055311
0.6062,0.055339
0.606,0.055368
0.6058,0.055396
0.60559,0.055424
0.60539,0.055453
0.60519,0.055481
0.60499,0.055509
0.60478,0.055537
0.60458,0.055566
0.60438,0.055594
0.60417,0.055622
0.60397,0.05565
0.60377,0.055678
0.60357,0.055706
0.60336,0.055735
0.60316,0.055763
0.60296,0.055791
0.60276,0.055819
0.60255,0.055847
0.60235,0.055875
0.60215,0.055903
0.60195,0.055931
0.60174,0.055959
0.60154,0.055987
0.60134,0.056015
0.60114,0.056043
0.60093,0.056071
0.60073,0.056099
0.60053,0.056127
0.60032,0.056155
0.60012,0.056183
0.59992,0.056211
0.59972,0.056239
0.59951,0.056267
0.59931,0.056295
0.59911,0.056323
0.59891,0.056351
0.5987,0.056378
0.5985,0.056406
0.5983,0.056434
0.5981,0.056462
0.59789,0.05649
0.59769,0.056517
0.59749,0.056545
0.59729,0.056573
0.59708,0.056601
0.59688,0.056628
0.59668,0.056656
0.59647,0.056684
0.59627,0.056712
0.59607,0.056739
0.59587,0.056767
0.59566,0.056795
0.59546,0.056822
0.59526,0.05685
0.59506,0.056877
0.59485,0.056905
0.59465,0.056933
0.59445,0.05696
0.59424,0.056988
0.59404,0.057015
0.59384,0.057043
0.59364,0.05707
0.59343,0.057098
0.59323,0.057125
0.59303,0.057153
0.59283,0.05718
0.59262,0.057208
0.59242,0.057235
0.59222,0.057263
0.59202,0.05729
0.59181,0.057318
0.59161,0.057345
0.59141,0.057372
0.5912,0.0574
0.591,0.057427
0.5908,0.057454
0.5906,0.057482
0.59039,0.057509
0.59019,0.057536
0.58999,0.057564
0.58979,0.057591
0.58958,0.057618
0.58938,0.057645
0.58918,0.057673
0.58897,0.0577
0.58877,0.057727
0.58857,0.057754
0.58837,0.057781
0.58816,0.057809
0.58796,0.057836
0.58776,0.057863
0.58756,0.05789
0.58735,0.057917
0.58715,0.057944
0.58695,0.057971
0.58674,0.057998
0.58654,0.058025
0.58634,0.058052
0.58614,0.058079
0.58593,0.058106
0.58573,0.058133
0.58553,0.05816
0.58532,0.058187
0.58512,0.058214
0.58492,0.058241
0.58472,0.058268
0.58451,0.058295
0.58431,0.058322
0.58411,0.058349
0.58391,0.058376
0.5837,0.058403
0.5835,0.058429
0.5833,0.058456
0.58309,0.058483
0.58289,0.05851
0.58269,0.058537
0.58249,0.058564
0.58228,0.05859
0.58208,0.058617
0.58188,0.058644
0.58167,0.05867
0.58147,0.058697
0.58127,0.058724
0.58107,0.058751
0.58086,0.058777
0.58066,0.058804
0.58046,0.058831
0.58025,0.058857
0.58005,0.058884
0.57985,0.05891
0.57965,0.058937
0.57944,0.058963
0.57924,0.05899
0.57904,0.059017
0.57884,0.059043
0.57863,0.05907
0.57843,0.059096
0.57823,0.059123
0.57802,0.059149
0.57782,0.059175
0.57762,0.059202
0.57742,0.059228
0.57721,0.059255
0.57701,0.059281
0.57681,0.059308
0.5766,0.059334
0.5764,0.05936
0.5762,0.059387
0.576,0.059413
0.57579,0.059439
0.57559,0.059465
0.57539,0.059492
0.57518,0.059518
0.57498,0.059544
0.57478,0.059571
0.57458,0.059597
0.57437,0.059623
0.57417,0.059649
0.57397,0.059675
0.57376,0.059701
0.57356,0.059728
0.57336,0.059754
0.57316,0.05978
0.57295,0.059806
0.57275,0.059832
0.57255,0.059858
0.57234,0.059884
0.57214,0.05991
0.57194,0.059936
0.57173,0.059962
0.57153,0.059988
0.57133,0.060014
0.57113,0.06004
0.57092,0.060066
0.57072,0.060092
0.57052,0.060118
0.57031,0.060144
0.57011,0.06017
0.56991,0.060196
0.56971,0.060222
0.5695,0.060248
0.5693,0.060273
0.5691,0.060299
0.56889,0.060325
0.56869,0.060351
0.56849,0.060377
0.56829,0.060402
0.56808,0.060428
0.56788,0.060454
0.56768,0.06048
0.56747,0.060505
0.56727,0.060531
0.56707,0.060557
0.56686,0.060582
0.56666,0.060608
0.56646,0.060634
0.56626,0.060659
0.56605,0.060685
0.56585,0.06071
0.56565,0.060736
0.56544,0.060761
0.56524,0.060787
0.56504,0.060813
0.56484,0.060838
0.56463,0.060864
0.56443,0.060889
0.56423,0.060914
0.56402,0.06094
0.56382,0.060965
0.56362,0.060991
0.56341,0.061016
0.56321,0.061042
0.56301,0.061067
0.56281,0.061092
0.5626,0.061118
0.5624,0.061143
0.5622,0.061168
0.56199,0.061194
0.56179,0.061219
0.56159,0.061244
0.56139,0.061269
0.56118,0.061295
0.56098,0.06132
0.56078,0.061345
0.56057,0.06137
0.56037,0.061395
0.56017,0.06142
0.55996,0.061446
0.55976,0.061471
0.55956,0.061496
0.55936,0.061521
0.55915,0.061546
0.55895,0.061571
0.55875,0.061596
0.55854,0.061621
0.55834,0.061646
0.55814,0.061671
0.55793,0.061696
0.55773,0.061721
0.55753,0.061746
0.55732,0.061771
0.55712,0.061796
0.55692,0.061821
0.55672,0.061846
0.55651,0.061871
0.55631,0.061895
0.55611,0.06192
0.5559,0.061945
0.5557,0.06197
0.5555,0.061995
0.55529,0.06202
0.55509,0.062044
0.55489,0.062069
0.55469,0.062094
0.55448,0.062119
0.55428,0.062143
0.55408,0.062168
0.55387,0.062193
0.55367,0.062217
0.55347,0.062242
0.55326,0.062266
0.55306,0.062291
0.55286,0.062316
0.55265,0.06234
0.55245,0.062365
0.55225,0.062389
0.55205,0.062414
0.55184,0.062438
0.55164,0.062463
0.55144,0.062487
0.55123,0.062512
0.55103,0.062536
0.55083,0.062561
0.55062,0.062585
0.55042,0.06261
0.55022,0.062634
0.55001,0.062658
0.54981,0.062683
0.54961,0.062707
0.54941,0.062731
0.5492,0.062756
0.549,0.06278
0.5488,0.062804
0.54859,0.062828
0.54839,0.062853
0.54819,0.062877
0.54798,0.062901
0.54778,0.062925
0.54758,0.062949
0.54737,0.062974
0.54717,0.062998
0.54697,0.063022
0.54676,0.063046
0.54656,0.06307
0.54636,0.063094
0.54616,0.063118
0.54595,0.063142
0.54575,0.063166
0.54555,0.06319
0.54534,0.063214
0.54514,0.063238
0.54494,0.063262
0.54473,0.063286
0.54453,0.06331
0.54433,0.063334
0.54412,0.063358
0.54392,0.063382
0.54372,0.063405
0.54351,0.063429
0.54331,0.063453
0.54311,0.063477
0.5429,0.063501
0.5427,0.063524
0.5425,0.063548
0.5423,0.063572
0.54209,0.063596
0.54189,0.063619
0.54169,0.063643
0.54148,0.063667
0.54128,0.06369
0.54108,0.063714
0.54087,0.063738
0.54067,0.063761
0.54047,0.063785
0.54026,0.063808
0.54006,0.063832
0.53986,0.063855
0.53965,0.063879
0.53945,0.063902
0.53925,0.063926
0.53904,0.063949
0.53884,0.063973
0.53864,0.063996
0.53843,0.06402
0.53823,0.064043
0.53803,0.064066
0.53782,0.06409
0.53762,0.064113
0.53742,0.064136
0.53722,0.06416
0.53701,0.064183
0.53681,0.064206
0.53661,0.064229
0.5364,0.064253
0.5362,0.064276
0.536,0.064299
0.53579,0.064322
0.53559,0.064345
0.53539,0.064369
0.53518,0.064392
0.53498,0.064415
0.53478,0.064438
0.53457,0.064461
0.53437,0.064484
0.53417,0.064507
0.53396,0.06453
0.53376,0.064553
0.53356,0.064576
0.53335,0.064599
0.53315,0.064622
0.53295,0.064645
0.53274,0.064668
0.53254,0.064691
0.53234,0.064714
0.53213,0.064736
0.53193,0.064759
0.53173,0.064782
0.53152,0.064805
0.53132,0.064828
0.53112,0.06485
0.53091,0.064873
0.53071,0.064896
0.53051,0.064918
0.5303,0.064941
0.5301,0.064964
0.5299,0.064986
0.52969,0.065009
0.52949,0.065032
0.52929,0.065054
0.52908,0.065077
0.52888,0.065099
0.52868,0.065122
0.52847,0.065145
0.52827,0.065167
0.52807,0.065189
0.52786,0.065212
0.52766,0.065234
0.52746,0.065257
0.52725,0.065279
0.52705,0.065302
0.52685,0.065324
0.52664,0.065346
0.52644,0.065369
0.52624,0.065391
0.52603,0.065413
0.52583,0.065436
0.52563,0.065458
0.52542,0.06548
0.52522,0.065502
0.52502,0.065524
0.52481,0.065547
0.52461,0.065569
0.52441,0.065591
0.5242,0.065613
0.524,0.065635
0.5238,0.065657
0.52359,0.065679
0.52339,0.065701
0.52319,0.065723
0.52298,0.065745
0.52278,0.065767
0.52258,0.065789
0.52237,0.065811
0.52217,0.065833
0.52197,0.065855
0.52176,0.065877
0.52156,0.065899
0.52136,0.065921
0.52115,0.065942
0.52095,0.065964
0.52075,0.065986
0.52054,0.066008
0.52034,0.06603
0.52014,0.066051
0.51993,0.066073
0.51973,0.066095
0.51953,0.066116
0.51932,0.066138
0.51912,0.06616
0.51892,0.066181
0.51871,0.066203
0.51851,0.066224
0.51831,0.066246
0.5181,0.066267
0.5179,0.066289
0.5177,0.06631
0.51749,0.066332
0.51729,0.066353
0.51709,0.066375
0.51688,0.066396
0.51668,0.066418
0.51648,0.066439
0.51627,0.06646
0.51607,0.066482
0.51587,0.066503
0.51566,0.066524
0.51546,0.066546
0.51526,0.066567
0.51505,0.066588
0.51485,0.066609
0.51464,0.06663
0.51444,0.066652
0.51424,0.066673
0.51403,0.066694
0.51383,0.066715
0.51363,0.066736
0.51342,0.066757
0.51322,0.066778
0.51302,0.066799
0.51281,0.06682
0.51261,0.066841
0.51241,0.066862
0.5122,0.066883
0.512,0.066904
0.5118,0.066925
0.51159,0.066946
0.51139,0.066967
0.51119,0.066988
0.51098,0.067008
0.51078,0.067029
0.51058,0.06705
0.51037,0.067071
0.51017,0.067091
0.50996,0.067112
0.50976,0.067133
0.50956,0.067153
0.50935,0.067174
0.50915,0.067195
0.50895,0.067215
0.50874,0.067236
0.50854,0.067257
0.50834,0.067277
0.50813,0.067298
0.50793,0.067318
0.50773,0.067339
0.50752,0.067359
0.50732,0.067379
0.50712,0.0674
0.50691,0.06742
0.50671,0.067441
0.5065,0.067461
0.5063,0.067481
0.5061,0.067502
0.50589,0.067522
0.50569,0.067542
0.50549,0.067562
0.50528,0.067583
0.50508,0.067603
0.50488,0.067623
0.50467,0.067643
0.50447,0.067663
0.50427,0.067684
0.50406,0.067704
0.50386,0.067724
0.50365,0.067744
0.50345,0.067764
0.50325,0.067784
0.50304,0.067804
0.50284,0.067824
0.50264,0.067844
0.50243,0.067864
0.50223,0.067883
0.50203,0.067903
0.50182,0.067923
0.50162,0.067943
0.50142,0.067963
0.50121,0.067983
0.50101,0.068002
0.5008,0.068022
0.5006,0.068042
0.5004,0.068062
0.50019,0.068081
0.49999,0.068101
0.49979,0.068121
0.49958,0.06814
0.49938,0.06816
0.49918,0.068179
0.49897,0.068199
0.49877,0.068218
0.49856,0.068238
0.49836,0.068257
0.49816,0.068277
0.49795,0.068296
0.49775,0.068316
0.49755,0.068335
0.49734,0.068354
0.49714,0.068374
0.49694,0.068393
0.49673,0.068412
0.49653,0.068432
0.49632,0.068451
0.49612,0.06847
0.49592,0.068489
0.49571,0.068509
0.49551,0.068528
0.49531,0.068547
0.4951,0.068566
0.4949,0.068585
0.4947,0.068604
0.49449,0.068623
0.49429,0.068642
0.49408,0.068661
0.49388,0.06868
0.49368,0.068699
0.49347,0.068718
0.49327,0.068737
0.49307,0.068756
0.49286,0.068775
0.49266,0.068794
0.49246,0.068813
0.49225,0.068831
0.49205,0.06885
0.49184,0.068869
0.49164,0.068888
0.49144,0.068907
0.49123,0.068925
0.49103,0.068944
0.49083,0.068963
0.49062,0.068981
0.49042,0.069
0.49021,0.069018
0.49001,0.069037
0.48981,0.069056
0.4896,0.069074
0.4894,0.069093
0.4892,0.069111
0.48899,0.069129
0.48879,0.069148
0.48858,0.069166
0.48838,0.069185
0.48818,0.069203
0.48797,0.069221
0.48777,0.06924
0.48757,0.069258
0.48736,0.069276
0.48716,0.069295
0.48696,0.069313
0.48675,0.069331
0.48655,0.069349
0.48634,0.069367
0.48614,0.069385
0.48594,0.069404
0.48573,0.069422
0.48553,0.06944
0.48533,0.069458
0.48512,0.069476
0.48492,0.069494
0.48471,0.069512
0.48451,0.06953
0.48431,0.069548
0.4841,0.069566
0.4839,0.069584
0.48369,0.069601
0.48349,0.069619
0.48329,0.069637
0.48308,0.069655
0.48288,0.069673
0.48268,0.06969
0.48247,0.069708
0.48227,0.069726
0.48206,0.069744
0.48186,0.069761
0.48166,0.069779
0.48145,0.069796
0.48125,0.069814
0.48105,0.069832
0.48084,0.069849
0.48064,0.069867
0.48043,0.069884
0.48023,0.069902
0.48003,0.069919
0.47982,0.069937
0.47962,0.069954
0.47942,0.069971
0.47921,0.069989
0.47901,0.070006
0.4788,0.070023
0.4786,0.070041
0.4784,0.070058
0.47819,0.070075
0.47799,0.070093
0.47778,0.07011
0.47758,0.070127
0.47738,0.070144
0.47717,0.070161
0.47697,0.070178
0.47677,0.070195
0.47656,0.070213
0.47636,0.07023
0.47615,0.070247
0.47595,0.070264
0.47575,0.070281
0.47554,0.070298
0.47534,0.070315
0.47513,0.070331
0.47493,0.070348
0.47473,0.070365
0.47452,0.070382
0.47432,0.070399
0.47412,0.070416
0.47391,0.070432
0.47371,0.070449
0.4735,0.070466
0.4733,0.070483
0.4731,0.070499
0.47289,0.070516
0.47269,0.070533
0.47248,0.070549
0.47228,0.070566
0.47208,0.070582
0.47187,0.070599
0.47167,0.070616
0.47147,0.070632
0.47126,0.070649
0.47106,0.070665
0.47085,0.070681
0.47065,0.070698
0.47045,0.070714
0.47024,0.070731
0.47004,0.070747
0.46983,0.070763
0.46963,0.07078
0.46943,0.070796
0.46922,0.070812
0.46902,0.070828
0.46881,0.070845
0.46861,0.070861
0.46841,0.070877
0.4682,0.070893
0.468,0.070909
0.46779,0.070925
0.46759,0.070941
0.46739,0.070957
0.46718,0.070973
0.46698,0.070989
0.46678,0.071005
0.46657,0.071021
0.46637,0.071037
0.46616,0.071053
0.46596,0.071069
0.46576,0.071085
0.46555,0.071101
0.46535,0.071117
0.46514,0.071132
0.46494,0.071148
0.46474,0.071164
0.46453,0.07118
0.46433,0.071195
0.46412,0.071211
0.46392,0.071227
0.46372,0.071242
0.46351,0.071258
0.46331,0.071273
0.4631,0.071289
0.4629,0.071305
0.4627,0.07132
0.46249,0.071336
0.46229,0.071351
0.46208,0.071367
0.46188,0.071382
0.46168,0.071397
0.46147,0.071413
0.46127,0.071428
0.46106,0.071443
0.46086,0.071459
0.46066,0.071474
0.46045,0.071489
0.46025,0.071504
0.46004,0.07152
0.45984,0.071535
0.45964,0.07155
0.45943,0.071565
0.45923,0.07158
0.45902,0.071595
0.45882,0.071611
0.45862,0.071626
0.45841,0.071641
0.45821,0.071656
0.458,0.071671
0.4578,0.071686
0.4576,0.0717
0.45739,0.071715
0.45719,0.07173
0.45698,0.071745
0.45678,0.07176
0.45658,0.071775
0.45637,0.07179
0.45617,0.071804
0.45596,0.071819
0.45576,0.071834
0.45556,0.071849
0.45535,0.071863
0.45515,0.071878
0.45494,0.071893
0.45474,0.071907
0.45454,0.071922
0.45433,0.071936
0.45413,0.071951
0.45392,0.071965
0.45372,0.07198
0.45352,0.071994
0.45331,0.072009
0.45311,0.072023
0.4529,0.072038
0.4527,0.072052
0.4525,0.072066
0.45229,0.072081
0.45209,0.072095
0.45188,0.072109
0.45168,0.072124
0.45148,0.072138
0.45127,0.072152
0.45107,0.072166
0.45086,0.07218
0.45066,0.072194
0.45046,0.072209
0.45025,0.072223
0.45005,0.072237
0.44984,0.072251
0.44964,0.072265
0.44943,0.072279
0.44923,0.072293
0.44903,0.072307
0.44882,0.072321
0.44862,0.072335
0.44841,0.072348
0.44821,0.072362
0.44801,0.072376
0.4478,0.07239
0.4476,0.072404
0.44739,0.072418
0.44719,0.072431
0.44699,0.072445
0.44678,0.072459
0.44658,0.072472
0.44637,0.072486
0.44617,0.0725
0.44597,0.072513
0.44576,0.072527
0.44556,0.07254
0.44535,0.072554
0.44515,0.072567
0.44494,0.072581
0.44474,0.072594
0.44454,0.072608
0.44433,0.072621
0.44413,0.072634
0.44392,0.072648
0.44372,0.072661
0.44352,0.072674
0.44331,0.072687
0.44311,0.072701
0.4429,0.072714
0.4427,0.072727
0.4425,0.07274
0.44229,0.072753
0.44209,0.072766
0.44188,0.072779
0.44168,0.072792
0.44147,0.072805
0.44127,0.072818
0.44107,0.072831
0.44086,0.072844
0.44066,0.072857
0.44045,0.07287
0.44025,0.072883
0.44005,0.072896
0.43984,0.072908
0.43964,0.072921
0.43943,0.072934
0.43923,0.072947
0.43902,0.072959
0.43882,0.072972
0.43862,0.072985
0.43841,0.072997
0.43821,0.07301
0.438,0.073022
0.4378,0.073035
0.4376,0.073047
0.43739,0.07306
0.43719,0.073072
0.43698,0.073084
0.43678,0.073097
0.43657,0.073109
0.43637,0.073121
0.43617,0.073133
0.43596,0.073146
0.43576,0.073158
0.43555,0.07317
0.43535,0.073182
0.43515,0.073194
0.43494,0.073206
0.43474,0.073218
0.43453,0.07323
0.43433,0.073242
0.43412,0.073254
0.43392,0.073266
0.43372,0.073278
0.43351,0.07329
0.43331,0.073302
0.4331,0.073314
0.4329,0.073325
0.43269,0.073337
0.43249,0.073349
0.43229,0.07336
0.43208,0.073372
0.43188,0.073384
0.43167,0.073395
0.43147,0.073407
0.43127,0.073418
0.43106,0.07343
0.43086,0.073441
0.43065,0.073452
0.43045,0.073464
0.43024,0.073475
0.43004,0.073486
0.42984,0.073498
0.42963,0.073509
0.42943,0.07352
0.42922,0.073531
0.42902,0.073542
0.42881,0.073553
0.42861,0.073565
0.42841,0.073576
0.4282,0.073587
0.428,0.073598
0.42779,0.073608
0.42759,0.073619
0.42738,0.07363
0.42718,0.073641
0.42698,0.073652
0.42677,0.073663
0.42657,0.073673
0.42636,0.073684
0.42616,0.073695
0.42595,0.073705
0.42575,0.073716
0.42555,0.073726
0.42534,0.073737
0.42514,0.073747
0.42493,0.073758
0.42473,0.073768
0.42452,0.073778
0.42432,0.073789
0.42412,0.073799
0.42391,0.073809
0.42371,0.07382
0.4235,0.07383
0.4233,0.07384
0.42309,0.07385
0.42289,0.07386
0.42269,0.07387
0.42248,0.07388
0.42228,0.07389
0.42207,0.0739
0.42187,0.07391
0.42166,0.07392
0.42146,0.073929
0.42126,0.073939
0.42105,0.073949
0.42085,0.073959
0.42064,0.073968
0.42044,0.073978
0.42023,0.073988
0.42003,0.073997
0.41983,0.074007
0.41962,0.074016
0.41942,0.074025
0.41921,0.074035
0.41901,0.074044
0.4188,0.074054
0.4186,0.074063
0.4184,0.074072
0.41819,0.074081
0.41799,0.07409
0.41778,0.0741
0.41758,0.074109
0.41737,0.074118
0.41717,0.074127
0.41696,0.074136
0.41676,0.074144
0.41656,0.074153
0.41635,0.074162
0.41615,0.074171
0.41594,0.07418
0.41574,0.074188
0.41553,0.074197
0.41533,0.074206
0.41513,0.074214
0.41492,0.074223
0.41472,0.074231
0.41451,0.07424
0.41431,0.074248
0.4141,0.074257
0.4139,0.074265
0.41369,0.074273
0.41349,0.074282
0.41329,0.07429
0.41308,0.074298
0.41288,0.074306
0.41267,0.074314
0.41247,0.074322
0.41226,0.07433
0.41206,0.074338
0.41185,0.074346
0.41165,0.074354
0.41145,0.074362
0.41124,0.07437
0.41104,0.074378
0.41083,0.074385
0.41063,0.074393
0.41042,0.074401
0.41022,0.074408
0.41002,0.074416
0.40981,0.074423
0.40961,0.074431
0.4094,0.074438
0.4092,0.074445
0.40899,0.074453
0.40879,0.07446
0.40858,0.074467
0.40838,0.074474
0.40818,0.074482
0.40797,0.074489
0.40777,0.074496
0.40756,0.074503
0.40736,0.07451
0.40715,0.074517
0.40695,0.074524
0.40674,0.07453
0.40654,0.074537
0.40634,0.074544
0.40613,0.074551
0.40593,0.074557
0.40572,0.074564
0.40552,0.07457
0.40531,0.074577
0.40511,0.074583
0.4049,0.07459
0.4047,0.074596
0.4045,0.074603
0.40429,0.074609
0.40409,0.074615
0.40388,0.074621
0.40368,0.074627
0.40347,0.074634
0.40327,0.07464
0.40306,0.074646
0.40286,0.074652
0.40266,0.074657
0.40245,0.074663
0.40225,0.074669
0.40204,0.074675
0.40184,0.074681
0.40163,0.074686
0.40143,0.074692
0.40122,0.074698
0.40102,0.074703
0.40081,0.074709
0.40061,0.074714
0.40041,0.074719
0.4002,0.074725
0.4,0.07473
0.39979,0.074735
0.39959,0.074741
0.39938,0.074746
0.39918,0.074751
0.39897,0.074756
0.39877,0.074761
0.39857,0.074766
0.39836,0.074771
0.39816,0.074776
0.39795,0.07478
0.39775,0.074785
0.39754,0.07479
0.39734,0.074795
0.39713,0.074799
0.39693,0.074804
0.39673,0.074808
0.39652,0.074813
0.39632,0.074817
0.39611,0.074822
0.39591,0.074826
0.3957,0.07483
0.3955,0.074835
0.39529,0.074839
0.39509,0.074843
0.39488,0.074847
0.39468,0.074851
0.39448,0.074855
0.39427,0.074859
0.39407,0.074863
0.39386,0.074867
0.39366,0.074871
0.39345,0.074875
0.39325,0.074878
0.39304,0.074882
0.39284,0.074886
0.39263,0.074889
0.39243,0.074893
0.39223,0.074896
0.39202,0.0749
0.39182,0.074903
0.39161,0.074907
0.39141,0.07491
0.3912,0.074913
0.391,0.074917
0.39079,0.07492
0.39059,0.074923
0.39039,0.074926
0.39018,0.074929
0.38998,0.074932
0.38977,0.074935
0.38957,0.074938
0.38936,0.074941
0.38916,0.074944
0.38895,0.074947
0.38875,0.07495
0.38854,0.074952
0.38834,0.074955
0.38814,0.074958
0.38793,0.07496
0.38773,0.074963
0.38752,0.074965
0.38732,0.074968
0.38711,0.07497
0.38691,0.074973
0.3867,0.074975
0.3865,0.074977
0.38629,0.07498
0.38609,0.074982
0.38589,0.074984
0.38568,0.074986
0.38548,0.074988
0.38527,0.074991
0.38507,0.074993
0.38486,0.074995
0.38466,0.074997
0.38445,0.074998
0.38425,0.075
0.38404,0.075002
0.38384,0.075004
0.38364,0.075006
0.38343,0.075007
0.38323,0.075009
0.38302,0.075011
0.38282,0.075012
0.38261,0.075014
0.38241,0.075015
0.3822,0.075017
0.382,0.075018
0.38179,0.07502
0.38159,0.075021
0.38139,0.075022
0.38118,0.075023
0.38098,0.075025
0.38077,0.075026
0.38057,0.075027
0.38036,0.075028
0.38016,0.075029
0.37995,0.07503
0.37975,0.075031
0.37954,0.075032
0.37934,0.075033
0.37914,0.075034
0.37893,0.075035
0.37873,0.075036
0.37852,0.075036
0.37832,0.075037
0.37811,0.075038
0.37791,0.075039
0.3777,0.075039
0.3775,0.07504
0.37729,0.07504
0.37709,0.075041
0.37688,0.075041
0.37668,0.075042
0.37648,0.075042
0.37627,0.075042
0.37607,0.075043
0.37586,0.075043
0.37566,0.075043
0.37545,0.075043
0.37525,0.075044
0.37504,0.075044
0.37484,0.075044
0.37463,0.075044
0.37443,0.075044
0.37423,0.075044
0.37402,0.075044
0.37382,0.075044
0.37361,0.075044
0.37341,0.075044
0.3732,0.075043
0.373,0.075043
0.37279,0.075043
0.37259,0.075043
0.37238,0.075042
0.37218,0.075042
0.37198,0.075042
0.37177,0.075041
0.37157,0.075041
0.37136,0.07504
0.37116,0.07504
0.37095,0.075039
0.37075,0.075039
0.37054,0.075038
0.37034,0.075037
0.37013,0.075037
0.36993,0.075036
0.36973,0.075035
0.36952,0.075034
0.36932,0.075033
0.36911,0.075033
0.36891,0.075032
0.3687,0.075031
0.3685,0.07503
0.36829,0.075029
0.36809,0.075028
0.36788,0.075027
0.36768,0.075026
0.36748,0.075025
0.36727,0.075023
0.36707,0.075022
0.36686,0.075021
0.36666,0.07502
0.36645,0.075018
0.36625,0.075017
0.36604,0.075016
0.36584,0.075014
0.36563,0.075013
0.36543,0.075012
0.36523,0.07501
0.36502,0.075009
0.36482,0.075007
0.36461,0.075005
0.36441,0.075004
0.3642,0.075002
0.364,0.075001
0.36379,0.074999
0.36359,0.074997
0.36338,0.074995
0.36318,0.074994
0.36298,0.074992
0.36277,0.07499
0.36257,0.074988
0.36236,0.074986
0.36216,0.074984
0.36195,0.074982
0.36175,0.07498
0.36154,0.074978
0.36134,0.074976
0.36113,0.074974
0.36093,0.074972
0.36073,0.07497
0.36052,0.074968
0.36032,0.074966
0.36011,0.074963
0.35991,0.074961
0.3597,0.074959
0.3595,0.074957
0.35929,0.074954
0.35909,0.074952
0.35888,0.074949
0.35868,0.074947
0.35848,0.074945
0.35827,0.074942
0.35807,0.07494
0.35786,0.074937
0.35766,0.074935
0.35745,0.074932
0.35725,0.074929
0.35704,0.074927
0.35684,0.074924
0.35663,0.074921
0.35643,0.074919
0.35623,0.074916
0.35602,0.074913
0.35582,0.07491
0.35561,0.074907
0.35541,0.074905
0.3552,0.074902
0.355,0.074899
0.35479,0.074896
0.35459,0.074893
0.35438,0.07489
0.35418,0.074887
0.35398,0.074884
0.35377,0.074881
0.35357,0.074878
0.35336,0.074875
0.35316,0.074872
0.35295,0.074868
0.35275,0.074865
0.35254,0.074862
0.35234,0.074859
0.35213,0.074855
0.35193,0.074852
0.35173,0.074849
0.35152,0.074846
0.35132,0.074842
0.35111,0.074839
0.35091,0.074835
0.3507,0.074832
0.3505,0.074829
0.35029,0.074825
0.35009,0.074822
0.34989,0.074818
0.34968,0.074814
0.34948,0.074811
0.34927,0.074807
0.34907,0.074804
0.34886,0.0748
0.34866,0.074796
0.34845,0.074793
0.34825,0.074789
0.34804,0.074785
0.34784,0.074781
0.34764,0.074778
0.34743,0.074774
0.34723,0.07477
0.34702,0.074766
0.34682,0.074762
0.34661,0.074758
0.34641,0.074754
0.3462,0.074751
0.346,0.074747
0.34579,0.074743
0.34559,0.074739
0.34539,0.074734
0.34518,0.07473
0.34498,0.074726
0.34477,0.074722
0.34457,0.074718
0.34436,0.074714
0.34416,0.07471
0.34395,0.074705
0.34375,0.074701
0.34355,0.074697
0.34334,0.074693
0.34314,0.074688
0.34293,0.074684
0.34273,0.07468
0.34252,0.074675
0.34232,0.074671
0.34211,0.074666
0.34191,0.074662
0.3417,0.074657
0.3415,0.074653
0.3413,0.074648
0.34109,0.074644
0.34089,0.074639
0.34068,0.074635
0.34048,0.07463
0.34027,0.074625
0.34007,0.074621
0.33986,0.074616
0.33966,0.074611
0.33946,0.074606
0.33925,0.074602
0.33905,0.074597
0.33884,0.074592
0.33864,0.074587
0.33843,0.074582
0.33823,0.074577
0.33802,0.074572
0.33782,0.074568
0.33761,0.074563
0.33741,0.074558
0.33721,0.074552
0.337,0.074547
0.3368,0.074542
0.33659,0.074537
0.33639,0.074532
0.33618,0.074527
0.33598,0.074522
0.33577,0.074517
0.33557,0.074511
0.33537,0.074506
0.33516,0.074501
0.33496,0.074495
0.33475,0.07449
0.33455,0.074485
0.33434,0.074479
0.33414,0.074474
0.33393,0.074468
0.33373,0.074463
0.33352,0.074458
0.33332,0.074452
0.33312,0.074446
0.33291,0.074441
0.33271,0.074435
0.3325,0.07443
0.3323,0.074424
0.33209,0.074418
0.33189,0.074413
0.33168,0.074407
0.33148,0.074401
0.33128,0.074395
0.33107,0.07439
0.33087,0.074384
0.33066,0.074378
0.33046,0.074372
0.33025,0.074366
0.33005,0.07436
0.32984,0.074354
0.32964,0.074348
0.32944,0.074342
0.32923,0.074336
0.32903,0.07433
0.32882,0.074324
0.32862,0.074318
0.32841,0.074312
0.32821,0.074306
0.328,0.074299
0.3278,0.074293
0.3276,0.074287
0.32739,0.074281
0.32719,0.074274
0.32698,0.074268
0.32678,0.074262
0.32657,0.074255
0.32637,0.074249
0.32616,0.074243
0.32596,0.074236
0.32576,0.07423
0.32555,0.074223
0.32535,0.074217
0.32514,0.07421
0.32494,0.074203
0.32473,0.074197
0.32453,0.07419
0.32432,0.074183
0.32412,0.074177
0.32392,0.07417
0.32371,0.074163
0.32351,0.074156
0.3233,0.07415
0.3231,0.074143
0.32289,0.074136
0.32269,0.074129
0.32248,0.074122
0.32228,0.074115
0.32208,0.074108
0.32187,0.074101
0.32167,0.074094
0.32146,0.074087
0.32126,0.07408
0.32105,0.074073
0.32085,0.074066
0.32064,0.074059
0.32044,0.074052
0.32024,0.074044
0.32003,0.074037
0.31983,0.07403
0.31962,0.074022
0.31942,0.074015
0.31921,0.074008
0.31901,0.074
0.3188,0.073993
0.3186,0.073986
0.3184,0.073978
0.31819,0.073971
0.31799,0.073963
0.31778,0.073956
0.31758,0.073948
0.31737,0.07394
0.31717,0.073933
0.31696,0.073925
0.31676,0.073917
0.31656,0.07391
0.31635,0.073902
0.31615,0.073894
0.31594,0.073886
0.31574,0.073879
0.31553,0.073871
0.31533,0.073863
0.31512,0.073855
0.31492,0.073847
0.31472,0.073839
0.31451,0.073831
0.31431,0.073823
0.3141,0.073815
0.3139,0.073807
0.31369,0.073799
0.31349,0.073791
0.31329,0.073783
0.31308,0.073774
0.31288,0.073766
0.31267,0.073758
0.31247,0.07375
0.31226,0.073741
0.31206,0.073733
0.31185,0.073725
0.31165,0.073716
0.31145,0.073708
0.31124,0.073699
0.31104,0.073691
0.31083,0.073682
0.31063,0.073674
0.31042,0.073665
0.31022,0.073657
0.31002,0.073648
0.30981,0.073639
0.30961,0.073631
0.3094,0.073622
0.3092,0.073613
0.30899,0.073605
0.30879,0.073596
0.30858,0.073587
0.30838,0.073578
0.30818,0.073569
0.30797,0.07356
0.30777,0.073551
0.30756,0.073542
0.30736,0.073533
0.30715,0.073524
0.30695,0.073515
0.30675,0.073506
0.30654,0.073497
0.30634,0.073488
0.30613,0.073479
0.30593,0.07347
0.30572,0.07346
0.30552,0.073451
0.30532,0.073442
0.30511,0.073433
0.30491,0.073423
0.3047,0.073414
0.3045,0.073404
0.30429,0.073395
0.30409,0.073386
0.30388,0.073376
0.30368,0.073367
0.30348,0.073357
0.30327,0.073347
0.30307,0.073338
0.30286,0.073328
0.30266,0.073319
0.30245,0.073309
0.30225,0.073299
0.30205,0.073289
0.30184,0.07328
0.30164,0.07327
0.30143,0.07326
0.30123,0.07325
0.30102,0.07324
0.30082,0.07323
0.30062,0.07322
0.30041,0.07321
0.30021,0.0732
0.3,0.07319
0.2998,0.07318
0.29959,0.07317
0.29939,0.07316
0.29919,0.07315
0.29898,0.073139
0.29878,0.073129
0.29857,0.073119
0.29837,0.073109
0.29816,0.073098
0.29796,0.073088
0.29776,0.073078
0.29755,0.073067
0.29735,0.073057
0.29714,0.073046
0.29694,0.073036
0.29673,0.073025
0.29653,0.073015
0.29633,0.073004
0.29612,0.072993
0.29592,0.072983
0.29571,0.072972
0.29551,0.072961
0.2953,0.072951
0.2951,0.07294
0.2949,0.072929
0.29469,0.072918
0.29449,0.072907
0.29428,0.072896
0.29408,0.072886
0.29387,0.072875
0.29367,0.072864
0.29347,0.072853
0.29326,0.072842
0.29306,0.07283
0.29285,0.072819
0.29265,0.072808
0.29244,0.072797
0.29224,0.072786
0.29204,0.072775
0.29183,0.072763
0.29163,0.072752
0.29142,0.072741
0.29122,0.07273
0.29101,0.072718
0.29081,0.072707
0.29061,0.072695
0.2904,0.072684
0.2902,0.072672
0.28999,0.072661
0.28979,0.072649
0.28959,0.072638
0.28938,0.072626
0.28918,0.072615
0.28897,0.072603
0.28877,0.072591
0.28856,0.07258
0.28836,0.072568
0.28816,0.072556
0.28795,0.072544
0.28775,0.072532
0.28754,0.07252
0.28734,0.072509
0.28713,0.072497
0.28693,0.072485
0.28673,0.072473
0.28652,0.072461
0.28632,0.072449
0.28611,0.072437
0.28591,0.072425
0.28571,0.072412
0.2855,0.0724
0.2853,0.072388
0.28509,0.072376
0.28489,0.072364
0.28468,0.072351
0.28448,0.072339
0.28428,0.072327
0.28407,0.072314
0.28387,0.072302
0.28366,0.07229
0.28346,0.072277
0.28325,0.072265
0.28305,0.072252
0.28285,0.07224
0.28264,0.072227
0.28244,0.072214
0.28223,0.072202
0.28203,0.072189
0.28183,0.072176
0.28162,0.072164
0.28142,0.072151
0.28121,0.072138
0.28101,0.072125
0.2808,0.072113
0.2806,0.0721
0.2804,0.072087
0.28019,0.072074
0.27999,0.072061
0.27978,0.072048
0.27958,0.072035
0.27938,0.072022
0.27917,0.072009
0.27897,0.071996
0.27876,0.071983
0.27856,0.07197
0.27836,0.071956
0.27815,0.071943
0.27795,0.07193
0.27774,0.071917
0.27754,0.071903
0.27733,0.07189
0.27713,0.071877
0.27693,0.071863
0.27672,0.07185
0.27652,0.071837
0.27631,0.071823
0.27611,0.07181
0.27591,0.071796
0.2757,0.071783
0.2755,0.071769
0.27529,0.071755
0.27509,0.071742
0.27489,0.071728
0.27468,0.071714
0.27448,0.071701
0.27427,0.071687
0.27407,0.071673
0.27386,0.071659
0.27366,0.071646
0.27346,0.071632
0.27325,0.071618
0.27305,0.071604
0.27284,0.07159
0.27264,0.071576
0.27244,0.071562
0.27223,0.071548
0.27203,0.071534
0.27182,0.07152
0.27162,0.071506
0.27142,0.071492
0.27121,0.071477
0.27101,0.071463
0.2708,0.071449
0.2706,0.071435
0.2704,0.07142
0.27019,0.071406
0.26999,0.071392
0.26978,0.071377
0.26958,0.071363
0.26938,0.071348
0.26917,0.071334
0.26897,0.07132
0.26876,0.071305
0.26856,0.07129
0.26836,0.071276
0.26815,0.071261
0.26795,0.071247
0.26774,0.071232
0.26754,0.071217
0.26734,0.071203
0.26713,0.071188
0.26693,0.071173
0.26672,0.071158
0.26652,0.071144
0.26632,0.071129
0.26611,0.071114
0.26591,0.071099
0.2657,0.071084
0.2655,0.071069
0.26529,0.071054
0.26509,0.071039
0.26489,0.071024
0.26468,0.071009
0.26448,0.070994
0.26427,0.070979
0.26407,0.070963
0.26387,0.070948
0.26366,0.070933
0.26346,0.070918
0.26326,0.070902
0.26305,0.070887
0.26285,0.070872
0.26264,0.070856
0.26244,0.070841
0.26224,0.070826
0.26203,0.07081
0.26183,0.070795
0.26162,0.070779
0.26142,0.070764
0.26122,0.070748
0.26101,0.070733
0.26081,0.070717
0.2606,0.070701
0.2604,0.070686
0.2602,0.07067
0.25999,0.070654
0.25979,0.070639
0.25958,0.070623
0.25938,0.070607
0.25918,0.070591
0.25897,0.070575
0.25877,0.070559
0.25856,0.070543
0.25836,0.070528
0.25816,0.070512
0.25795,0.070496
0.25775,0.07048
0.25754,0.070463
0.25734,0.070447
0.25714,0.070431
0.25693,0.070415
0.25673,0.070399
0.25652,0.070383
0.25632,0.070367
0.25612,0.07035
0.25591,0.070334
0.25571,0.070318
0.25551,0.070301
0.2553,0.070285
0.2551,0.070269
0.25489,0.070252
0.25469,0.070236
0.25449,0.070219
0.25428,0.070203
0.25408,0.070186
0.25387,0.07017
0.25367,0.070153
0.25347,0.070137
0.25326,0.07012
0.25306,0.070103
0.25285,0.070087
0.25265,0.07007
0.25245,0.070053
0.25224,0.070036
0.25204,0.07002
0.25184,0.070003
0.25163,0.069986
0.25143,0.069969
0.25122,0.069952
0.25102,0.069935
0.25082,0.069918
0.25061,0.069901
0.25041,0.069884
0.2502,0.069867
0.25,0.06985
0.2498,0.069833
0.24959,0.069816
0.24939,0.069799
0.24919,0.069782
0.24898,0.069764
0.24878,0.069747
0.24857,0.06973
0.24837,0.069713
0.24817,0.069695
0.24796,0.069678
0.24776,0.06966
0.24756,0.069643
0.24735,0.069626
0.24715,0.069608
0.24694,0.069591
0.24674,0.069573
0.24654,0.069556
0.24633,0.069538
0.24613,0.069521
0.24592,0.069503
0.24572,0.069485
0.24552,0.069468
0.24531,0.06945
0.24511,0.069432
0.24491,0.069414
0.2447,0.069397
0.2445,0.069379
0.24429,0.069361
0.24409,0.069343
0.24389,0.069325
0.24368,0.069307
0.24348,0.069289
0.24328,0.069271
0.24307,0.069253
0.24287,0.069235
0.24266,0.069217
0.24246,0.069199
0.24226,0.069181
0.24205,0.069163
0.24185,0.069145
0.24165,0.069127
0.24144,0.069108
0.24124,0.06909
0.24103,0.069072
0.24083,0.069053
0.24063,0.069035
0.24042,0.069017
0.24022,0.068998
0.24002,0.06898
0.23981,0.068961
0.23961,0.068943
0.2394,0.068924
0.2392,0.068906
0.239,0.068887
0.23879,0.068869
0.23859,0.06885
0.23839,0.068832
0.23818,0.068813
0.23798,0.068794
0.23777,0.068775
0.23757,0.068757
0.23737,0.068738
0.23716,0.068719
0.23696,0.0687
0.23676,0.068681
0.23655,0.068662
0.23635,0.068644
0.23615,0.068625
0.23594,0.068606
0.23574,0.068587
0.23553,0.068568
0.23533,0.068548
0.23513,0.068529
0.23492,0.06851
0.23472,0.068491
0.23452,0.068472
0.23431,0.068453
0.23411,0.068434
0.2339,0.068414
0.2337,0.068395
0.2335,0.068376
0.23329,0.068356
0.23309,0.068337
0.23289,0.068318
0.23268,0.068298
0.23248,0.068279
0.23228,0.068259
0.23207,0.06824
0.23187,0.06822
0.23166,0.0682
0.23146,0.068181
0.23126,0.068161
0.23105,0.068142
0.23085,0.068122
0.23065,0.068102
0.23044,0.068082
0.23024,0.068063
0.23004,0.068043
0.22983,0.068023
0.22963,0.068003
0.22943,0.067983
0.22922,0.067963
0.22902,0.067943
0.22881,0.067923
0.22861,0.067903
0.22841,0.067883
0.2282,0.067863
0.228,0.067843
0.2278,0.067823
0.22759,0.067803
0.22739,0.067783
0.22719,0.067763
0.22698,0.067742
0.22678,0.067722
0.22658,0.067702
0.22637,0.067682
0.22617,0.067661
0.22597,0.067641
0.22576,0.06762
0.22556,0.0676
0.22535,0.06758
0.22515,0.067559
0.22495,0.067539
0.22474,0.067518
0.22454,0.067497
0.22434,0.067477
0.22413,0.067456
0.22393,0.067436
0.22373,0.067415
0.22352,0.067394
0.22332,0.067373
0.22312,0.067353
0.22291,0.067332
0.22271,0.067311
0.22251,0.06729
0.2223,0.067269
0.2221,0.067248
0.22189,0.067227
0.22169,0.067206
0.22149,0.067185
0.22128,0.067164
0.22108,0.067143
0.22088,0.067122
0.22067,0.067101
0.22047,0.06708
0.22027,0.067059
0.22006,0.067038
0.21986,0.067016
0.21966,0.066995
0.21945,0.066974
0.21925,0.066952
0.21905,0.066931
0.21884,0.06691
0.21864,0.066888
0.21844,0.066867
0.21823,0.066845
0.21803,0.066824
0.21783,0.066802
0.21762,0.066781
0.21742,0.066759
0.21722,0.066738
0.21701,0.066716
0.21681,0.066694
0.21661,0.066673
0.2164,0.066651
0.2162,0.066629
0.216,0.066607
0.21579,0.066586
0.21559,0.066564
0.21539,0.066542
0.21518,0.06652
0.21498,0.066498
0.21478,0.066476
0.21457,0.066454
0.21437,0.066432
0.21416,0.06641
0.21396,0.066388
0.21376,0.066366
0.21355,0.066344
0.21335,0.066321
0.21315,0.066299
0.21294,0.066277
0.21274,0.066255
0.21254,0.066232
0.21233,0.06621
0.21213,0.066188
0.21193,0.066165
0.21172,0.066143
0.21152,0.066121
0.21132,0.066098
0.21111,0.066076
0.21091,0.066053
0.21071,0.06603
0.2105,0.066008
0.2103,0.065985
0.2101,0.065963
0.20989,0.06594
0.20969,0.065917
0.20949,0.065895
0.20929,0.065872
0.20908,0.065849
0.20888,0.065826
0.20868,0.065803
0.20847,0.06578
0.20827,0.065758
0.20807,0.065735
0.20786,0.065712
0.20766,0.065689
0.20746,0.065666
0.20725,0.065643
0.20705,0.065619
0.20685,0.065596
0.20664,0.065573
0.20644,0.06555
0.20624,0.065527
0.20603,0.065504
0.20583,0.06548
0.20563,0.065457
0.20542,0.065434
0.20522,0.06541
0.20502,0.065387
0.20481,0.065364
0.20461,0.06534
0.20441,0.065317
0.2042,0.065293
0.204,0.06527
0.2038,0.065246
0.20359,0.065222
0.20339,0.065199
0.20319,0.065175
0.20298,0.065151
0.20278,0.065128
0.20258,0.065104
0.20238,0.06508
0.20217,0.065056
0.20197,0.065033
0.20177,0.065009
0.20156,0.064985
0.20136,0.064961
0.20116,0.064937
0.20095,0.064913
0.20075,0.064889
0.20055,0.064865
0.20034,0.064841
0.20014,0.064817
0.19994,0.064793
0.19973,0.064768
0.19953,0.064744
0.19933,0.06472
0.19913,0.064696
0.19892,0.064671
0.19872,0.064647
0.19852,0.064623
0.19831,0.064598
0.19811,0.064574
0.19791,0.06455
0.1977,0.064525
0.1975,0.064501
0.1973,0.064476
0.19709,0.064452
0.19689,0.064427
0.19669,0.064402
0.19649,0.064378
0.19628,0.064353
0.19608,0.064328
0.19588,0.064304
0.19567,0.064279
0.19547,0.064254
0.19527,0.064229
0.19506,0.064204
0.19486,0.064179
0.19466,0.064154
0.19445,0.06413
0.19425,0.064105
0.19405,0.06408
0.19385,0.064054
0.19364,0.064029
0.19344,0.064004
0.19324,0.063979
0.19303,0.063954
0.19283,0.063929
0.19263,0.063903
0.19242,0.063878
0.19222,0.063853
0.19202,0.063828
0.19182,0.063802
0.19161,0.063777
0.19141,0.063751
0.19121,0.063726
0.191,0.0637
0.1908,0.063675
0.1906,0.063649
0.1904,0.063624
0.19019,0.063598
0.18999,0.063573
0.18979,0.063547
0.18958,0.063521
0.18938,0.063495
0.18918,0.06347
0.18897,0.063444
0.18877,0.063418
0.18857,0.063392
0.18837,0.063366
0.18816,0.06334
0.18796,0.063314
0.18776,0.063288
0.18755,0.063262
0.18735,0.063236
0.18715,0.06321
0.18695,0.063184
0.18674,0.063158
0.18654,0.063132
0.18634,0.063105
0.18613,0.063079
0.18593,0.063053
0.18573,0.063027
0.18553,0.063
0.18532,0.062974
0.18512,0.062947
0.18492,0.062921
0.18471,0.062895
0.18451,0.062868
0.18431,0.062842
0.18411,0.062815
0.1839,0.062788
0.1837,0.062762
0.1835,0.062735
0.18329,0.062708
0.18309,0.062682
0.18289,0.062655
0.18269,0.062628
0.18248,0.062601
0.18228,0.062574
0.18208,0.062547
0.18187,0.06252
0.18167,0.062493
0.18147,0.062466
0.18127,0.062439
0.18106,0.062412
0.18086,0.062385
0.18066,0.062358
0.18046,0.062331
0.18025,0.062304
0.18005,0.062277
0.17985,0.062249
0.17964,0.062222
0.17944,0.062195
0.17924,0.062167
0.17904,0.06214
0.17883,0.062113
0.17863,0.062085
0.17843,0.062058
0.17823,0.06203
0.17802,0.062002
0.17782,0.061975
0.17762,0.061947
0.17742,0.06192
0.17721,0.061892
0.17701,0.061864
0.17681,0.061836
0.1766,0.061809
0.1764,0.061781
0.1762,0.061753
0.176,0.061725
0.17579,0.061697
0.17559,0.061669
0.17539,0.061641
0.17519,0.061613
0.17498,0.061585
0.17478,0.061557
0.17458,0.061529
0.17438,0.061501
0.17417,0.061472
0.17397,0.061444
0.17377,0.061416
0.17357,0.061388
0.17336,0.061359
0.17316,0.061331
0.17296,0.061302
0.17275,0.061274
0.17255,0.061246
0.17235,0.061217
0.17215,0.061189
0.17194,0.06116
0.17174,0.061131
0.17154,0.061103
0.17134,0.061074
0.17113,0.061045
0.17093,0.061017
0.17073,0.060988
0.17053,0.060959
0.17032,0.06093
0.17012,0.060901
0.16992,0.060872
0.16972,0.060843
0.16951,0.060814
0.16931,0.060785
0.16911,0.060756
0.16891,0.060727
0.1687,0.060698
0.1685,0.060669
0.1683,0.06064
0.1681,0.06061
0.16789,0.060581
0.16769,0.060552
0.16749,0.060523
0.16729,0.060493
0.16708,0.060464
0.16688,0.060434
0.16668,0.060405
0.16648,0.060375
0.16628,0.060346
0.16607,0.060316
0.16587,0.060287
0.16567,0.060257
0.16547,0.060227
0.16526,0.060198
0.16506,0.060168
0.16486,0.060138
0.16466,0.060108
0.16445,0.060078
0.16425,0.060048
0.16405,0.060018
0.16385,0.059989
0.16364,0.059959
0.16344,0.059928
0.16324,0.059898
0.16304,0.059868
0.16284,0.059838
0.16263,0.059808
0.16243,0.059778
0.16223,0.059747
0.16203,0.059717
0.16182,0.059687
0.16162,0.059657
0.16142,0.059626
0.16122,0.059596
0.16101,0.059565
0.16081,0.059535
0.16061,0.059504
0.16041,0.059474
0.16021,0.059443
0.16,0.059412
0.1598,0.059382
0.1596,0.059351
0.1594,0.05932
0.15919,0.059289
0.15899,0.059259
0.15879,0.059228
0.15859,0.059197
0.15839,0.059166
0.15818,0.059135
0.15798,0.059104
0.15778,0.059073
0.15758,0.059042
0.15737,0.059011
0.15717,0.05898
0.15697,0.058948
0.15677,0.058917
0.15657,0.058886
0.15636,0.058855
0.15616,0.058823
0.15596,0.058792
0.15576,0.05876
0.15556,0.058729
0.15535,0.058697
0.15515,0.058666
0.15495,0.058634
0.15475,0.058603
0.15454,0.058571
0.15434,0.05854
0.15414,0.058508
0.15394,0.058476
0.15374,0.058444
0.15353,0.058412
0.15333,0.058381
0.15313,0.058349
0.15293,0.058317
0.15273,0.058285
0.15252,0.058253
0.15232,0.058221
0.15212,0.058189
0.15192,0.058157
0.15172,0.058125
0.15151,0.058092
0.15131,0.05806
0.15111,0.058028
0.15091,0.057996
0.15071,0.057963
0.1505,0.057931
0.1503,0.057898
0.1501,0.057866
0.1499,0.057834
0.1497,0.057801
0.14949,0.057769
0.14929,0.057736
0.14909,0.057703
0.14889,0.057671
0.14869,0.057638
0.14848,0.057605
0.14828,0.057572
0.14808,0.05754
0.14788,0.057507
0.14768,0.057474
0.14747,0.057441
0.14727,0.057408
0.14707,0.057375
0.14687,0.057342
0.14667,0.057309
0.14647,0.057276
0.14626,0.057243
0.14606,0.057209
0.14586,0.057176
0.14566,0.057143
0.14546,0.057109
0.14525,0.057076
0.14505,0.057043
0.14485,0.057009
0.14465,0.056976
0.14445,0.056942
0.14425,0.056909
0.14404,0.056875
0.14384,0.056842
0.14364,0.056808
0.14344,0.056774
0.14324,0.05674
0.14304,0.056707
0.14283,0.056673
0.14263,0.056639
0.14243,0.056605
0.14223,0.056571
0.14203,0.056537
0.14182,0.056503
0.14162,0.056469
0.14142,0.056435
0.14122,0.056401
0.14102,0.056366
0.14082,0.056332
0.14061,0.056298
0.14041,0.056264
0.14021,0.056229
0.14001,0.056195
0.13981,0.05616
0.13961,0.056126
0.1394,0.056091
0.1392,0.056057
0.139,0.056022
0.1388,0.055988
0.1386,0.055953
0.1384,0.055918
0.1382,0.055883
0.13799,0.055849
0.13779,0.055814
0.13759,0.055779
0.13739,0.055744
0.13719,0.055709
0.13699,0.055674
0.13678,0.055639
0.13658,0.055604
0.13638,0.055569
0.13618,0.055533
0.13598,0.055498
0.13578,0.055463
0.13558,0.055427
0.13537,0.055392
0.13517,0.055357
0.13497,0.055321
0.13477,0.055286
0.13457,0.05525
0.13437,0.055215
0.13417,0.055179
0.13396,0.055143
0.13376,0.055108
0.13356,0.055072
0.13336,0.055036
0.13316,0.055
0.13296,0.054964
0.13276,0.054928
0.13255,0.054892
0.13235,0.054856
0.13215,0.05482
0.13195,0.054784
0.13175,0.054748
0.13155,0.054712
0.13135,0.054676
0.13114,0.054639
0.13094,0.054603
0.13074,0.054567
0.13054,0.05453
0.13034,0.054494
0.13014,0.054457
0.12994,0.054421
0.12974,0.054384
0.12953,0.054347
0.12933,0.054311
0.12913,0.054274
0.12893,0.054237
0.12873,0.0542
0.12853,0.054164
0.12833,0.054127
0.12813,0.05409
0.12792,0.054053
0.12772,0.054016
0.12752,0.053978
0.12732,0.053941
0.12712,0.053904
0.12692,0.053867
0.12672,0.05383
0.12652,0.053792
0.12632,0.053755
0.12611,0.053718
0.12591,0.05368
0.12571,0.053643
0.12551,0.053605
0.12531,0.053567
0.12511,0.05353
0.12491,0.053492
0.12471,0.053454
0.12451,0.053417
0.12431,0.053379
0.1241,0.053341
0.1239,0.053303
0.1237,0.053265
0.1235,0.053227
0.1233,0.053189
0.1231,0.053151
0.1229,0.053112
0.1227,0.053074
0.1225,0.053036
0.1223,0.052998
0.12209,0.052959
0.12189,0.052921
0.12169,0.052882
0.12149,0.052844
0.12129,0.052805
0.12109,0.052767
0.12089,0.052728
0.12069,0.052689
0.12049,0.052651
0.12029,0.052612
0.12009,0.052573
0.11988,0.052534
0.11968,0.052495
0.11948,0.052456
0.11928,0.052417
0.11908,0.052378
0.11888,0.052339
0.11868,0.0523
0.11848,0.052261
0.11828,0.052221
0.11808,0.052182
0.11788,0.052143
0.11768,0.052103
0.11748,0.052064
0.11728,0.052024
0.11707,0.051985
0.11687,0.051945
0.11667,0.051905
0.11647,0.051866
0.11627,0.051826
0.11607,0.051786
0.11587,0.051746
0.11567,0.051706
0.11547,0.051666
0.11527,0.051626
0.11507,0.051586
0.11487,0.051546
0.11467,0.051506
0.11447,0.051466
0.11427,0.051425
0.11407,0.051385
0.11386,0.051345
0.11366,0.051304
0.11346,0.051264
0.11326,0.051223
0.11306,0.051182
0.11286,0.051142
0.11266,0.051101
0.11246,0.05106
0.11226,0.05102
0.11206,0.050979
0.11186,0.050938
0.11166,0.050897
0.11146,0.050856
0.11126,0.050815
0.11106,0.050774
0.11086,0.050733
0.11066,0.050691
0.11046,0.05065
0.11026,0.050609
0.11006,0.050568
0.10986,0.050526
0.10966,0.050485
0.10946,0.050443
0.10926,0.050402
0.10906,0.05036
0.10885,0.050318
0.10865,0.050277
0.10845,0.050235
0.10825,0.050193
0.10805,0.050151
0.10785,0.050109
0.10765,0.050067
0.10745,0.050025
0.10725,0.049983
0.10705,0.049941
0.10685,0.049899
0.10665,0.049857
0.10645,0.049814
0.10625,0.049772
0.10605,0.049729
0.10585,0.049687
0.10565,0.049644
0.10545,0.049602
0.10525,0.049559
0.10505,0.049517
0.10485,0.049474
0.10465,0.049431
0.10445,0.049388
0.10425,0.049345
0.10405,0.049302
0.10385,0.049259
0.10365,0.049216
0.10345,0.049173
0.10325,0.04913
0.10305,0.049087
0.10285,0.049044
0.10265,0.049
0.10245,0.048957
0.10225,0.048913
0.10205,0.04887
0.10185,0.048826
0.10165,0.048783
0.10145,0.048739
0.10125,0.048695
0.10105,0.048652
0.10085,0.048608
0.10065,0.048564
0.10045,0.04852
0.10025,0.048476
0.10005,0.048432
0.099855,0.048388
0.099655,0.048344
0.099455,0.0483
0.099255,0.048255
0.099056,0.048211
0.098856,0.048167
0.098656,0.048122
0.098457,0.048078
0.098257,0.048033
0.098057,0.047988
0.097858,0.047944
0.097658,0.047899
0.097459,0.047854
0.097259,0.04781
0.097059,0.047765
0.09686,0.04772
0.096661,0.047675
0.096461,0.04763
0.096261,0.047585
0.096062,0.047539
0.095862,0.047494
0.095663,0.047449
0.095464,0.047404
0.095264,0.047358
0.095065,0.047313
0.094865,0.047267
0.094666,0.047222
0.094466,0.047176
0.094267,0.04713
0.094068,0.047084
0.093868,0.047039
0.093669,0.046993
0.09347,0.046947
0.09327,0.046901
0.093071,0.046855
0.092871,0.046809
0.092672,0.046762
0.092473,0.046716
0.092274,0.04667
0.092074,0.046624
0.091875,0.046577
0.091676,0.046531
0.091477,0.046484
0.091278,0.046438
0.091078,0.046391
0.09088,0.046344
0.09068,0.046297
0.090481,0.046251
0.090282,0.046204
0.090083,0.046157
0.089884,0.04611
0.089685,0.046063
0.089486,0.046016
0.089287,0.045968
0.089088,0.045921
0.088889,0.045874
0.08869,0.045826
0.088491,0.045779
0.088292,0.045731
0.088093,0.045684
0.087894,0.045636
0.087695,0.045588
0.087496,0.045541
0.087297,0.045493
0.087098,0.045445
0.086899,0.045397
0.086701,0.045349
0.086502,0.045301
0.086303,0.045253
0.086104,0.045204
0.085905,0.045156
0.085707,0.045108
0.085508,0.04506
0.085309,0.045011
0.085111,0.044963
0.084912,0.044914
0.084713,0.044865
0.084515,0.044817
0.084316,0.044768
0.084117,0.044719
0.083919,0.04467
0.08372,0.044621
0.083522,0.044572
0.083323,0.044523
0.083124,0.044474
0.082926,0.044424
0.082727,0.044375
0.082529,0.044326
0.08233,0.044276
0.082132,0.044227
0.081933,0.044177
0.081735,0.044127
0.081536,0.044078
0.081338,0.044028
0.08114,0.043978
0.080941,0.043928
0.080743,0.043878
0.080545,0.043828
0.080346,0.043778
0.080148,0.043728
0.07995,0.043678
0.079752,0.043627
0.079553,0.043577
0.079355,0.043527
0.079157,0.043476
0.078959,0.043426
0.07876,0.043375
0.078562,0.043324
0.078364,0.043273
0.078166,0.043223
0.077968,0.043172
0.07777,0.043121
0.077571,0.04307
0.077373,0.043018
0.077175,0.042967
0.076977,0.042916
0.076779,0.042865
0.076581,0.042813
0.076383,0.042762
0.076186,0.04271
0.075988,0.042659
0.07579,0.042607
0.075592,0.042555
0.075394,0.042503
0.075196,0.042451
0.074998,0.0424
0.0748,0.042348
0.074603,0.042295
0.074405,0.042243
0.074207,0.042191
0.074009,0.042139
0.073811,0.042086
0.073614,0.042034
0.073416,0.041981
0.073218,0.041929
0.073021,0.041876
0.072823,0.041823
0.072625,0.04177
0.072428,0.041717
0.07223,0.041665
0.072033,0.041611
0.071835,0.041558
0.071638,0.041505
0.07144,0.041452
0.071243,0.041398
0.071045,0.041345
0.070848,0.041291
0.070651,0.041238
0.070453,0.041184
0.070256,0.04113
0.070058,0.041077
0.069861,0.041023
0.069664,0.040969
0.069466,0.040914
0.069269,0.04086
0.069072,0.040806
0.068875,0.040752
0.068678,0.040697
0.068481,0.040643
0.068284,0.040588
0.068086,0.040533
0.067889,0.040479
0.067692,0.040424
0.067495,0.040369
0.067298,0.040314
0.067101,0.040259
0.066904,0.040203
0.066707,0.040148
0.06651,0.040092
0.066313,0.040037
0.066117,0.039981
0.06592,0.039926
0.065723,0.03987
0.065526,0.039814
0.06533,0.039758
0.065133,0.039702
0.064936,0.039646
0.06474,0.03959
0.064543,0.039533
0.064346,0.039477
0.06415,0.03942
0.063953,0.039364
0.063757,0.039307
0.06356,0.03925
0.063363,0.039193
0.063167,0.039136
0.062971,0.039079
0.062774,0.039022
0.062578,0.038964
0.062382,0.038907
0.062185,0.038849
0.061989,0.038792
0.061793,0.038734
0.061597,0.038676
0.061401,0.038618
0.061204,0.03856
0.061008,0.038502
0.060812,0.038444
0.060616,0.038385
0.06042,0.038327
0.060224,0.038268
0.060028,0.03821
0.059832,0.038151
0.059636,0.038092
0.05944,0.038033
0.059245,0.037974
0.059049,0.037915
0.058853,0.037855
0.058657,0.037796
0.058461,0.037736
0.058266,0.037677
0.05807,0.037617
0.057874,0.037557
0.057679,0.037497
0.057484,0.037437
0.057288,0.037377
0.057093,0.037317
0.056897,0.037256
0.056702,0.037196
0.056506,0.037135
0.056311,0.037074
0.056116,0.037013
0.05592,0.036952
0.055725,0.036891
0.05553,0.03683
0.055335,0.036769
0.05514,0.036707
0.054945,0.036646
0.05475,0.036584
0.054555,0.036522
0.05436,0.03646
0.054165,0.036398
0.05397,0.036336
0.053775,0.036274
0.05358,0.036211
0.053386,0.036149
0.053191,0.036086
0.052996,0.036023
0.052802,0.03596
0.052607,0.035897
0.052413,0.035834
0.052218,0.035771
0.052023,0.035708
0.051829,0.035644
0.051635,0.03558
0.05144,0.035517
0.051246,0.035453
0.051052,0.035389
0.050857,0.035325
0.050663,0.035261
0.050469,0.035196
0.050275,0.035132
0.050081,0.035067
0.049887,0.035002
0.049693,0.034937
0.049499,0.034872
0.049305,0.034807
0.049111,0.034742
0.048917,0.034676
0.048723,0.034611
0.04853,0.034545
0.048336,0.034479
0.048142,0.034413
0.047949,0.034347
0.047755,0.034281
0.047562,0.034215
0.047368,0.034149
0.047175,0.034082
0.046982,0.034015
0.046788,0.033948
0.046595,0.033881
0.046402,0.033814
0.046208,0.033747
0.046016,0.03368
0.045822,0.033612
0.045629,0.033544
0.045436,0.033476
0.045243,0.033409
0.04505,0.03334
0.044858,0.033272
0.044665,0.033204
0.044472,0.033135
0.04428,0.033067
0.044087,0.032998
0.043894,0.032929
0.043702,0.03286
0.043509,0.032791
0.043317,0.032721
0.043124,0.032652
0.042932,0.032582
0.04274,0.032512
0.042548,0.032442
0.042355,0.032372
0.042163,0.032302
0.041971,0.032231
0.041779,0.032161
0.041587,0.03209
0.041395,0.03202
0.041204,0.031949
0.041012,0.031877
0.04082,0.031806
0.040628,0.031735
0.040437,0.031663
0.040245,0.031591
0.040054,0.03152
0.039862,0.031448
0.039671,0.031375
0.039479,0.031303
0.039288,0.031231
0.039097,0.031158
0.038906,0.031085
0.038715,0.031012
0.038524,0.030939
0.038333,0.030866
0.038142,0.030793
0.037951,0.030719
0.03776,0.030645
0.037569,0.030572
0.037379,0.030497
0.037188,0.030423
0.036997,0.030349
0.036807,0.030275
0.036616,0.0302
0.036426,0.030125
0.036236,0.03005
0.036045,0.029975
0.035855,0.0299
0.035665,0.029824
0.035475,0.029749
0.035285,0.029673
0.035095,0.029597
0.034905,0.029521
0.034715,0.029445
0.034525,0.029368
0.034336,0.029292
0.034146,0.029215
0.033957,0.029138
0.033767,0.029061
0.033578,0.028984
0.033388,0.028907
0.033199,0.028829
0.03301,0.028751
0.03282,0.028674
0.032631,0.028596
0.032442,0.028517
0.032253,0.028439
0.032064,0.028361
0.031876,0.028282
0.031687,0.028203
0.031498,0.028124
0.03131,0.028045
0.031121,0.027966
0.030933,0.027886
0.030744,0.027806
0.030556,0.027727
0.030368,0.027647
0.03018,0.027567
0.029991,0.027486
0.029803,0.027406
0.029615,0.027325
0.029428,0.027244
0.02924,0.027163
0.029052,0.027082
0.028864,0.027001
0.028677,0.026919
0.028489,0.026837
0.028302,0.026756
0.028114,0.026674
0.027927,0.026591
0.02774,0.026509
0.027553,0.026426
0.027365,0.026344
0.027178,0.026261
0.026992,0.026178
0.026805,0.026094
0.026618,0.026011
0.026431,0.025928
0.026245,0.025844
0.026058,0.02576
0.025871,0.025676
0.025685,0.025591
0.025499,0.025507
0.025313,0.025422
0.025126,0.025338
0.02494,0.025253
0.024754,0.025168
0.024568,0.025082
0.024383,0.024997
0.024197,0.024911
0.024011,0.024825
0.023826,0.024739
0.02364,0.024652
0.023455,0.024566
0.02327,0.024479
0.023085,0.024392
0.0229,0.024304
0.022715,0.024216
0.022531,0.024128
0.022346,0.02404
0.022162,0.023951
0.021978,0.023862
0.021794,0.023773
0.02161,0.023683
0.021426,0.023593
0.021243,0.023502
0.021059,0.023412
0.020876,0.02332
0.020693,0.023229
0.020511,0.023137
0.020328,0.023044
0.020146,0.022952
0.019964,0.022858
0.019782,0.022765
0.0196,0.02267
0.019419,0.022576
0.019238,0.022481
0.019057,0.022385
0.018876,0.022289
0.018696,0.022193
0.018516,0.022096
0.018336,0.021999
0.018156,0.021901
0.017977,0.021802
0.017798,0.021703
0.017619,0.021604
0.017441,0.021504
0.017262,0.021403
0.017085,0.021302
0.016907,0.021201
0.01673,0.021099
0.016553,0.020996
0.016376,0.020893
0.0162,0.020789
0.016024,0.020685
0.015848,0.02058
0.015673,0.020475
0.015498,0.020369
0.015323,0.020262
0.015149,0.020155
0.014975,0.020047
0.014802,0.019939
0.014629,0.01983
0.014456,0.01972
0.014284,0.01961
0.014112,0.0195
0.01394,0.019388
0.013769,0.019276
0.013598,0.019164
0.013427,0.019051
0.013257,0.018937
0.013088,0.018823
0.012918,0.018708
0.01275,0.018592
0.012581,0.018476
0.012413,0.01836
0.012246,0.018242
0.012079,0.018124
0.011912,0.018006
0.011746,0.017887
0.01158,0.017767
0.011414,0.017647
0.011249,0.017526
0.011085,0.017405
0.01092,0.017283
0.010756,0.017161
0.010593,0.017038
0.01043,0.016914
0.010267,0.01679
0.010105,0.016666
0.0099429,0.016541
0.0097814,0.016415
0.0096202,0.016289
0.0094594,0.016163
0.009299,0.016036
0.009139,0.015908
0.0089792,0.01578
0.0088199,0.015652
0.008661,0.015523
0.0085024,0.015394
0.0083442,0.015264
0.0081864,0.015134
0.008029,0.015004
0.0078719,0.014873
0.0077151,0.014741
0.0075586,0.01461
0.0074024,0.014477
0.0072468,0.014344
0.0070918,0.014211
0.0069377,0.014076
0.0067847,0.013941
0.0066329,0.013804
0.0064823,0.013665
0.0063333,0.013525
0.006186,0.013383
0.0060405,0.01324
0.0058969,0.013094
0.0057553,0.012946
0.0056157,0.012797
0.0054783,0.012645
0.0053433,0.012492
0.0052104,0.012336
0.0050797,0.012179
0.0049515,0.012019
0.0048257,0.011858
0.0047021,0.011695
0.0045808,0.01153
0.0044618,0.011364
0.0043451,0.011196
0.0042307,0.011026
0.0041185,0.010855
0.0040084,0.010683
0.0039006,0.010509
0.0037947,0.010334
0.0036909,0.010158
0.0035891,0.0099803
0.0034892,0.0098019
0.0033911,0.0096223
0.0032949,0.0094418
0.0032004,0.0092603
0.0031077,0.0090781
0.0030166,0.008895
0.0029271,0.008711
0.0028392,0.0085263
0.0027528,0.0083409
0.0026679,0.0081548
0.0025844,0.007968
0.0025023,0.0077806
0.0024216,0.0075928
0.0023421,0.0074041
0.002264,0.0072153
0.0021871,0.0070258
0.0021113,0.0068358
0.0020367,0.0066453
0.0019632,0.0064544
0.0018908,0.0062631
0.0018194,0.0060714
0.001749,0.0058793
0.0016797,0.0056868
0.0016113,0.0054941
0.0015439,0.0053009
0.0014773,0.0051075
0.0014117,0.0049138
0.0013469,0.0047196
0.0012829,0.0045254
0.0012198,0.0043309
0.0011575,0.004136
0.0010959,0.003941
0.0010351,0.0037456
0.00097494,0.00355
0.00091561,0.0033544
0.00085688,0.0031582
0.00079888,0.0029621
0.00074155,0.0027658
0.00068485,0.0025692
0.00062882,0.0023726
0.00057336,0.0021757
0.00051851,0.0019787
0.00046424,0.0017814
0.0004105,0.0015839
0.00035737,0.0013864
0.00030477,0.0011887
0.00025273,0.00099103
0.00020119,0.00079307
0.00015015,0.00059497
9.9611e-05,0.00039675
4.9561e-05,0.00019841
1.155e-08,-4.6471e-08
4.9585e-05,-0.0001985
9.9634e-05,-0.00039684
0.00015017,-0.00059506
0.00020121,-0.00079315
0.00025275,-0.00099108
0.00030481,-0.0011889
0.00035745,-0.0013867
0.00041058,-0.0015842
0.00046428,-0.0017816
0.00051852,-0.0019787
0.00057337,-0.0021758
0.00062883,-0.0023727
0.0006849,-0.0025694
0.00074163,-0.002766
0.00079896,-0.0029624
0.00085696,-0.0031585
0.00091564,-0.0033545
0.00097497,-0.0035501
0.0010351,-0.0037457
0.0010959,-0.003941
0.0011574,-0.004136
0.0012198,-0.0043308
0.0012829,-0.0045254
0.0013469,-0.0047197
0.0014117,-0.0049138
0.0014773,-0.0051074
0.0015438,-0.0053009
0.0016113,-0.005494
0.0016797,-0.0056868
0.001749,-0.0058792
0.0018194,-0.0060713
0.0018907,-0.006263
0.0019631,-0.0064543
0.0020367,-0.0066452
0.0021113,-0.0068357
0.002187,-0.0070257
0.002264,-0.0072152
0.0023422,-0.0074042
0.0024217,-0.0075929
0.0025024,-0.0077807
0.0025845,-0.0079681
0.002668,-0.0081548
0.0027529,-0.0083409
0.0028392,-0.0085263
0.0029271,-0.008711
0.0030166,-0.008895
0.0031077,-0.0090782
0.0032004,-0.0092604
0.0032949,-0.0094419
0.0033912,-0.0096225
0.0034892,-0.009802
0.0035891,-0.0099804
0.003691,-0.010158
0.0037948,-0.010334
0.0039007,-0.010509
0.0040085,-0.010683
0.0041186,-0.010855
0.0042309,-0.011026
0.0043453,-0.011196
0.004462,-0.011364
0.0045809,-0.01153
0.0047022,-0.011695
0.0048256,-0.011858
0.0049515,-0.012019
0.0050798,-0.012179
0.0052104,-0.012336
0.0053433,-0.012492
0.0054784,-0.012645
0.0056158,-0.012797
0.0057553,-0.012946
0.0058969,-0.013094
0.0060405,-0.01324
0.0061861,-0.013383
0.0063335,-0.013525
0.0064825,-0.013665
0.006633,-0.013804
0.0067848,-0.013941
0.0069379,-0.014077
0.0070921,-0.014211
0.0072471,-0.014345
0.0074027,-0.014477
0.0075588,-0.01461
0.0077152,-0.014741
0.007872,-0.014873
0.008029,-0.015004
0.0081865,-0.015134
0.0083443,-0.015264
0.0085025,-0.015394
0.0086611,-0.015523
0.0088201,-0.015652
0.0089793,-0.01578
0.009139,-0.015908
0.009299,-0.016036
0.0094594,-0.016163
0.0096202,-0.016289
0.0097812,-0.016415
0.0099428,-0.016541
0.010105,-0.016666
0.010267,-0.01679
0.01043,-0.016914
0.010593,-0.017037
0.010756,-0.01716
0.01092,-0.017283
0.011084,-0.017405
0.011249,-0.017526
0.011414,-0.017647
0.01158,-0.017767
0.011746,-0.017887
0.011912,-0.018006
0.012079,-0.018124
0.012246,-0.018242
0.012413,-0.01836
0.012581,-0.018476
0.01275,-0.018592
0.012919,-0.018708
0.013088,-0.018823
0.013258,-0.018937
0.013428,-0.019051
0.013598,-0.019164
0.013769,-0.019277
0.01394,-0.019388
0.014112,-0.0195
0.014284,-0.01961
0.014456,-0.01972
0.014629,-0.01983
0.014802,-0.019939
0.014975,-0.020047
0.015149,-0.020155
0.015324,-0.020262
0.015498,-0.020369
0.015673,-0.020475
0.015849,-0.02058
0.016024,-0.020685
0.0162,-0.020789
0.016376,-0.020893
0.016553,-0.020996
0.01673,-0.021099
0.016907,-0.021201
0.017085,-0.021303
0.017263,-0.021403
0.017441,-0.021504
0.017619,-0.021604
0.017798,-0.021703
0.017977,-0.021802
0.018156,-0.021901
0.018336,-0.021999
0.018516,-0.022096
0.018696,-0.022193
0.018876,-0.022289
0.019057,-0.022385
0.019238,-0.022481
0.019419,-0.022576
0.0196,-0.02267
0.019782,-0.022765
0.019964,-0.022858
0.020146,-0.022952
0.020328,-0.023044
0.020511,-0.023137
0.020693,-0.023229
0.020876,-0.02332
0.021059,-0.023412
0.021243,-0.023502
0.021426,-0.023593
0.02161,-0.023683
0.021794,-0.023773
0.021978,-0.023862
0.022162,-0.023951
0.022346,-0.02404
0.022531,-0.024128
0.022715,-0.024216
0.0229,-0.024304
0.023085,-0.024392
0.02327,-0.024479
0.023455,-0.024566
0.02364,-0.024652
0.023826,-0.024739
0.024011,-0.024825
0.024197,-0.024911
0.024383,-0.024997
0.024569,-0.025082
0.024754,-0.025168
0.024941,-0.025253
0.025127,-0.025338
0.025313,-0.025423
0.025499,-0.025507
0.025685,-0.025592
0.025872,-0.025676
0.026058,-0.02576
0.026245,-0.025844
0.026431,-0.025928
0.026618,-0.026011
0.026805,-0.026095
0.026992,-0.026178
0.027179,-0.026261
0.027366,-0.026344
0.027553,-0.026426
0.02774,-0.026509
0.027927,-0.026591
0.028114,-0.026674
0.028302,-0.026756
0.028489,-0.026837
0.028677,-0.026919
0.028864,-0.027001
0.029052,-0.027082
0.02924,-0.027163
0.029428,-0.027244
0.029615,-0.027325
0.029803,-0.027406
0.029992,-0.027486
0.03018,-0.027567
0.030368,-0.027647
0.030556,-0.027727
0.030744,-0.027806
0.030933,-0.027886
0.031121,-0.027966
0.03131,-0.028045
0.031499,-0.028124
0.031687,-0.028203
0.031876,-0.028282
0.032065,-0.028361
0.032254,-0.028439
0.032443,-0.028518
0.032632,-0.028596
0.032821,-0.028674
0.03301,-0.028751
0.033199,-0.028829
0.033388,-0.028907
0.033578,-0.028984
0.033767,-0.029061
0.033957,-0.029138
0.034146,-0.029215
0.034336,-0.029292
0.034526,-0.029368
0.034715,-0.029445
0.034905,-0.029521
0.035095,-0.029597
0.035285,-0.029673
0.035475,-0.029749
0.035665,-0.029824
0.035855,-0.0299
0.036045,-0.029975
0.036236,-0.03005
0.036426,-0.030125
0.036617,-0.0302
0.036807,-0.030275
0.036997,-0.030349
0.037188,-0.030423
0.037379,-0.030498
0.037569,-0.030571
0.03776,-0.030645
0.037951,-0.030719
0.038142,-0.030793
0.038333,-0.030866
0.038524,-0.030939
0.038715,-0.031012
0.038906,-0.031085
0.039097,-0.031158
0.039288,-0.031231
0.039479,-0.031303
0.039671,-0.031375
0.039862,-0.031448
0.040054,-0.03152
0.040245,-0.031591
0.040437,-0.031663
0.040628,-0.031735
0.04082,-0.031806
0.041012,-0.031877
0.041204,-0.031949
0.041395,-0.03202
0.041587,-0.03209
0.041779,-0.032161
0.041971,-0.032232
0.042163,-0.032302
0.042356,-0.032372
0.042548,-0.032442
0.04274,-0.032512
0.042932,-0.032582
0.043124,-0.032652
0.043317,-0.032721
0.043509,-0.032791
0.043702,-0.03286
0.043894,-0.032929
0.044087,-0.032998
0.04428,-0.033067
0.044472,-0.033135
0.044665,-0.033204
0.044858,-0.033272
0.045051,-0.03334
0.045244,-0.033409
0.045436,-0.033477
0.045629,-0.033544
0.045822,-0.033612
0.046015,-0.03368
0.046209,-0.033747
0.046402,-0.033814
0.046595,-0.033881
0.046788,-0.033948
0.046982,-0.034015
0.047175,-0.034082
0.047369,-0.034149
0.047562,-0.034215
0.047755,-0.034281
0.047949,-0.034347
0.048143,-0.034414
0.048336,-0.03448
0.04853,-0.034545
0.048724,-0.034611
0.048917,-0.034677
0.049111,-0.034742
0.049305,-0.034807
0.049499,-0.034872
0.049693,-0.034937
0.049887,-0.035002
0.050081,-0.035067
0.050275,-0.035132
0.050469,-0.035196
0.050663,-0.035261
0.050858,-0.035325
0.051052,-0.035389
0.051246,-0.035453
0.05144,-0.035517
0.051635,-0.03558
0.051829,-0.035644
0.052024,-0.035708
0.052218,-0.035771
0.052413,-0.035834
0.052607,-0.035897
0.052802,-0.03596
0.052996,-0.036023
0.053191,-0.036086
0.053386,-0.036149
0.05358,-0.036211
0.053775,-0.036274
0.05397,-0.036336
0.054165,-0.036398
0.05436,-0.03646
0.054555,-0.036522
0.05475,-0.036584
0.054945,-0.036646
0.05514,-0.036707
0.055335,-0.036769
0.05553,-0.03683
0.055725,-0.036891
0.055921,-0.036952
0.056116,-0.037013
0.056311,-0.037074
0.056507,-0.037135
0.056702,-0.037196
0.056897,-0.037256
0.057093,-0.037317
0.057288,-0.037377
0.057483,-0.037437
0.057679,-0.037497
0.057875,-0.037557
0.05807,-0.037617
0.058266,-0.037677
0.058462,-0.037737
0.058657,-0.037796
0.058853,-0.037855
0.059049,-0.037915
0.059245,-0.037974
0.05944,-0.038033
0.059636,-0.038092
0.059832,-0.038151
0.060028,-0.03821
0.060224,-0.038268
0.06042,-0.038327
0.060616,-0.038385
0.060812,-0.038444
0.061008,-0.038502
0.061204,-0.03856
0.061401,-0.038618
0.061597,-0.038676
0.061793,-0.038734
0.061989,-0.038792
0.062185,-0.038849
0.062382,-0.038907
0.062578,-0.038964
0.062774,-0.039022
0.062971,-0.039079
0.063167,-0.039136
0.063364,-0.039193
0.06356,-0.03925
0.063757,-0.039307
0.063953,-0.039364
0.06415,-0.03942
0.064346,-0.039477
0.064543,-0.039533
0.064739,-0.03959
0.064936,-0.039646
0.065133,-0.039702
0.06533,-0.039758
0.065526,-0.039814
0.065723,-0.03987
0.06592,-0.039926
0.066117,-0.039981
0.066314,-0.040037
0.066511,-0.040093
0.066707,-0.040148
0.066904,-0.040203
0.067101,-0.040259
0.067298,-0.040314
0.067495,-0.040369
0.067692,-0.040424
0.067889,-0.040479
0.068086,-0.040533
0.068283,-0.040588
0.068481,-0.040643
0.068678,-0.040697
0.068875,-0.040752
0.069072,-0.040806
0.069269,-0.04086
0.069467,-0.040914
0.069664,-0.040969
0.069861,-0.041023
0.070059,-0.041077
0.070256,-0.04113
0.070453,-0.041184
0.070651,-0.041238
0.070848,-0.041291
0.071045,-0.041345
0.071243,-0.041398
0.07144,-0.041452
0.071638,-0.041505
0.071835,-0.041558
0.072033,-0.041611
0.07223,-0.041665
0.072428,-0.041718
0.072626,-0.04177
0.072823,-0.041823
0.073021,-0.041876
0.073219,-0.041929
0.073416,-0.041981
0.073614,-0.042034
0.073812,-0.042086
0.074009,-0.042139
0.074207,-0.042191
0.074405,-0.042243
0.074603,-0.042295
0.0748,-0.042348
0.074998,-0.0424
0.075196,-0.042451
0.075394,-0.042503
0.075592,-0.042555
0.07579,-0.042607
0.075988,-0.042659
0.076186,-0.04271
0.076383,-0.042762
0.076582,-0.042813
0.07678,-0.042865
0.076978,-0.042916
0.077176,-0.042967
0.077374,-0.043018
0.077572,-0.04307
0.07777,-0.043121
0.077968,-0.043172
0.078166,-0.043223
0.078364,-0.043273
0.078562,-0.043324
0.078761,-0.043375
0.078959,-0.043426
0.079157,-0.043476
0.079355,-0.043527
0.079553,-0.043577
0.079751,-0.043627
0.07995,-0.043678
0.080148,-0.043728
0.080346,-0.043778
0.080545,-0.043828
0.080743,-0.043878
0.080941,-0.043928
0.08114,-0.043978
0.081338,-0.044028
0.081537,-0.044078
0.081735,-0.044128
0.081934,-0.044177
0.082132,-0.044227
0.08233,-0.044276
0.082529,-0.044326
0.082727,-0.044375
0.082926,-0.044424
0.083125,-0.044474
0.083323,-0.044523
0.083522,-0.044572
0.08372,-0.044621
0.083919,-0.04467
0.084117,-0.044719
0.084316,-0.044768
0.084515,-0.044816
0.084713,-0.044865
0.084912,-0.044914
0.085111,-0.044962
0.085309,-0.045011
0.085508,-0.045059
0.085707,-0.045108
0.085906,-0.045156
0.086104,-0.045205
0.086303,-0.045253
0.086502,-0.045301
0.086701,-0.045349
0.0869,-0.045397
0.087099,-0.045445
0.087297,-0.045493
0.087496,-0.045541
0.087695,-0.045588
0.087894,-0.045636
0.088093,-0.045684
0.088292,-0.045731
0.088491,-0.045779
0.08869,-0.045826
0.088889,-0.045874
0.089088,-0.045921
0.089287,-0.045968
0.089486,-0.046016
0.089685,-0.046063
0.089884,-0.04611
0.090083,-0.046157
0.090282,-0.046204
0.090481,-0.046251
0.09068,-0.046297
0.090879,-0.046344
0.091079,-0.046391
0.091278,-0.046438
0.091477,-0.046484
0.091676,-0.046531
0.091876,-0.046577
0.092075,-0.046624
0.092274,-0.04667
0.092473,-0.046716
0.092673,-0.046763
0.092872,-0.046809
0.093071,-0.046855
0.09327,-0.046901
0.09347,-0.046947
0.093669,-0.046993
0.093868,-0.047039
0.094068,-0.047085
0.094267,-0.04713
0.094466,-0.047176
0.094666,-0.047222
0.094865,-0.047267
0.095065,-0.047313
0.095264,-0.047358
0.095463,-0.047404
0.095663,-0.047449
0.095862,-0.047494
0.096062,-0.047539
0.096261,-0.047585
0.096461,-0.04763
0.09666,-0.047675
0.09686,-0.04772
0.09706,-0.047765
0.097259,-0.04781
0.097459,-0.047854
0.097658,-0.047899
0.097858,-0.047944
0.098058,-0.047989
0.098257,-0.048033
0.098457,-0.048078
0.098657,-0.048122
0.098856,-0.048167
0.099056,-0.048211
0.099256,-0.048255
0.099455,-0.0483
0.099655,-0.048344
0.099855,-0.048388
0.10005,-0.048432
0.10025,-0.048476
0.10045,-0.04852
0.10065,-0.048564
0.10085,-0.048608
0.10105,-0.048652
0.10125,-0.048695
0.10145,-0.048739
0.10165,-0.048783
0.10185,-0.048826
0.10205,-0.04887
0.10225,-0.048913
0.10245,-0.048957
0.10265,-0.049
0.10285,-0.049044
0.10305,-0.049087
0.10325,-0.04913
0.10345,-0.049173
0.10365,-0.049216
0.10385,-0.049259
0.10405,-0.049302
0.10425,-0.049345
0.10445,-0.049388
0.10465,-0.049431
0.10485,-0.049474
0.10505,-0.049517
0.10525,-0.049559
0.10545,-0.049602
0.10565,-0.049644
0.10585,-0.049687
0.10605,-0.049729
0.10625,-0.049772
0.10645,-0.049814
0.10665,-0.049857
0.10685,-0.049899
0.10705,-0.049941
0.10725,-0.049983
0.10745,-0.050025
0.10765,-0.050067
0.10785,-0.050109
0.10805,-0.050151
0.10825,-0.050193
0.10845,-0.050235
0.10865,-0.050277
0.10885,-0.050318
0.10906,-0.05036
0.10926,-0.050402
0.10946,-0.050443
0.10966,-0.050485
0.10986,-0.050526
0.11006,-0.050568
0.11026,-0.050609
0.11046,-0.05065
0.11066,-0.050691
0.11086,-0.050733
0.11106,-0.050774
0.11126,-0.050815
0.11146,-0.050856
0.11166,-0.050897
0.11186,-0.050938
0.11206,-0.050979
0.11226,-0.05102
0.11246,-0.05106
0.11266,-0.051101
0.11286,-0.051142
0.11306,-0.051183
0.11326,-0.051223
0.11346,-0.051264
0.11366,-0.051304
0.11386,-0.051345
0.11407,-0.051385
0.11427,-0.051425
0.11447,-0.051466
0.11467,-0.051506
0.11487,-0.051546
0.11507,-0.051586
0.11527,-0.051626
0.11547,-0.051666
0.11567,-0.051706
0.11587,-0.051746
0.11607,-0.051786
0.11627,-0.051826
0.11647,-0.051866
0.11667,-0.051905
0.11687,-0.051945
0.11707,-0.051985
0.11728,-0.052024
0.11748,-0.052064
0.11768,-0.052103
0.11788,-0.052143
0.11808,-0.052182
0.11828,-0.052221
0.11848,-0.052261
0.11868,-0.0523
0.11888,-0.052339
0.11908,-0.052378
0.11928,-0.052417
0.11948,-0.052456
0.11968,-0.052495
0.11989,-0.052534
0.12009,-0.052573
0.12029,-0.052612
0.12049,-0.052651
0.12069,-0.052689
0.12089,-0.052728
0.12109,-0.052767
0.12129,-0.052805
0.12149,-0.052844
0.12169,-0.052882
0.12189,-0.052921
0.12209,-0.052959
0.1223,-0.052998
0.1225,-0.053036
0.1227,-0.053074
0.1229,-0.053113
0.1231,-0.053151
0.1233,-0.053189
0.1235,-0.053227
0.1237,-0.053265
0.1239,-0.053303
0.1241,-0.053341
0.12431,-0.053379
0.12451,-0.053417
0.12471,-0.053454
0.12491,-0.053492
0.12511,-0.05353
0.12531,-0.053567
0.12551,-0.053605
0.12571,-0.053643
0.12591,-0.05368
0.12611,-0.053718
0.12632,-0.053755
0.12652,-0.053792
0.12672,-0.05383
0.12692,-0.053867
0.12712,-0.053904
0.12732,-0.053941
0.12752,-0.053979
0.12772,-0.054016
0.12793,-0.054053
0.12813,-0.05409
0.12833,-0.054127
0.12853,-0.054164
0.12873,-0.0542
0.12893,-0.054237
0.12913,-0.054274
0.12933,-0.054311
0.12953,-0.054347
0.12974,-0.054384
0.12994,-0.054421
0.13014,-0.054457
0.13034,-0.054494
0.13054,-0.05453
0.13074,-0.054567
0.13094,-0.054603
0.13114,-0.054639
0.13135,-0.054676
0.13155,-0.054712
0.13175,-0.054748
0.13195,-0.054784
0.13215,-0.05482
0.13235,-0.054856
0.13255,-0.054892
0.13276,-0.054928
0.13296,-0.054964
0.13316,-0.055
0.13336,-0.055036
0.13356,-0.055072
0.13376,-0.055108
0.13396,-0.055143
0.13417,-0.055179
0.13437,-0.055215
0.13457,-0.05525
0.13477,-0.055286
0.13497,-0.055321
0.13517,-0.055357
0.13537,-0.055392
0.13558,-0.055427
0.13578,-0.055463
0.13598,-0.055498
0.13618,-0.055533
0.13638,-0.055568
0.13658,-0.055604
0.13678,-0.055639
0.13699,-0.055674
0.13719,-0.055709
0.13739,-0.055744
0.13759,-0.055779
0.13779,-0.055814
0.13799,-0.055849
0.1382,-0.055883
0.1384,-0.055918
0.1386,-0.055953
0.1388,-0.055988
0.139,-0.056022
0.1392,-0.056057
0.1394,-0.056091
0.13961,-0.056126
0.13981,-0.05616
0.14001,-0.056195
0.14021,-0.056229
0.14041,-0.056264
0.14061,-0.056298
0.14082,-0.056332
0.14102,-0.056366
0.14122,-0.056401
0.14142,-0.056435
0.14162,-0.056469
0.14182,-0.056503
0.14203,-0.056537
0.14223,-0.056571
0.14243,-0.056605
0.14263,-0.056639
0.14283,-0.056673
0.14304,-0.056707
0.14324,-0.05674
0.14344,-0.056774
0.14364,-0.056808
0.14384,-0.056842
0.14404,-0.056875
0.14425,-0.056909
0.14445,-0.056942
0.14465,-0.056976
0.14485,-0.057009
0.14505,-0.057043
0.14525,-0.057076
0.14546,-0.057109
0.14566,-0.057143
0.14586,-0.057176
0.14606,-0.057209
0.14626,-0.057243
0.14647,-0.057276
0.14667,-0.057309
0.14687,-0.057342
0.14707,-0.057375
0.14727,-0.057408
0.14747,-0.057441
0.14768,-0.057474
0.14788,-0.057507
0.14808,-0.05754
0.14828,-0.057572
0.14848,-0.057605
0.14869,-0.057638
0.14889,-0.057671
0.14909,-0.057703
0.14929,-0.057736
0.14949,-0.057769
0.1497,-0.057801
0.1499,-0.057834
0.1501,-0.057866
0.1503,-0.057899
0.1505,-0.057931
0.15071,-0.057963
0.15091,-0.057996
0.15111,-0.058028
0.15131,-0.05806
0.15151,-0.058092
0.15172,-0.058125
0.15192,-0.058157
0.15212,-0.058189
0.15232,-0.058221
0.15252,-0.058253
0.15273,-0.058285
0.15293,-0.058317
0.15313,-0.058349
0.15333,-0.058381
0.15353,-0.058413
0.15374,-0.058444
0.15394,-0.058476
0.15414,-0.058508
0.15434,-0.05854
0.15454,-0.058571
0.15475,-0.058603
0.15495,-0.058634
0.15515,-0.058666
0.15535,-0.058698
0.15556,-0.058729
0.15576,-0.05876
0.15596,-0.058792
0.15616,-0.058823
0.15636,-0.058855
0.15657,-0.058886
0.15677,-0.058917
0.15697,-0.058948
0.15717,-0.05898
0.15737,-0.059011
0.15758,-0.059042
0.15778,-0.059073
0.15798,-0.059104
0.15818,-0.059135
0.15839,-0.059166
0.15859,-0.059197
0.15879,-0.059228
0.15899,-0.059259
0.15919,-0.059289
0.1594,-0.05932
0.1596,-0.059351
0.1598,-0.059382
0.16,-0.059412
0.16021,-0.059443
0.16041,-0.059474
0.16061,-0.059504
0.16081,-0.059535
0.16101,-0.059565
0.16122,-0.059596
0.16142,-0.059626
0.16162,-0.059657
0.16182,-0.059687
0.16203,-0.059717
0.16223,-0.059747
0.16243,-0.059778
0.16263,-0.059808
0.16283,-0.059838
0.16304,-0.059868
0.16324,-0.059898
0.16344,-0.059928
0.16364,-0.059958
0.16385,-0.059989
0.16405,-0.060018
0.16425,-0.060048
0.16445,-0.060078
0.16466,-0.060108
0.16486,-0.060138
0.16506,-0.060168
0.16526,-0.060198
0.16547,-0.060227
0.16567,-0.060257
0.16587,-0.060287
0.16607,-0.060316
0.16628,-0.060346
0.16648,-0.060375
0.16668,-0.060405
0.16688,-0.060434
0.16709,-0.060464
0.16729,-0.060493
0.16749,-0.060523
0.16769,-0.060552
0.16789,-0.060581
0.1681,-0.06061
0.1683,-0.06064
0.1685,-0.060669
0.1687,-0.060698
0.16891,-0.060727
0.16911,-0.060756
0.16931,-0.060785
0.16951,-0.060814
0.16972,-0.060843
0.16992,-0.060872
0.17012,-0.060901
0.17032,-0.06093
0.17053,-0.060959
0.17073,-0.060988
0.17093,-0.061017
0.17113,-0.061045
0.17134,-0.061074
0.17154,-0.061103
0.17174,-0.061131
0.17194,-0.06116
0.17215,-0.061189
0.17235,-0.061217
0.17255,-0.061246
0.17275,-0.061274
0.17296,-0.061303
0.17316,-0.061331
0.17336,-0.061359
0.17357,-0.061388
0.17377,-0.061416
0.17397,-0.061444
0.17417,-0.061472
0.17438,-0.061501
0.17458,-0.061529
0.17478,-0.061557
0.17498,-0.061585
0.17519,-0.061613
0.17539,-0.061641
0.17559,-0.061669
0.17579,-0.061697
0.176,-0.061725
0.1762,-0.061753
0.1764,-0.061781
0.1766,-0.061809
0.17681,-0.061836
0.17701,-0.061864
0.17721,-0.061892
0.17741,-0.06192
0.17762,-0.061947
0.17782,-0.061975
0.17802,-0.062002
0.17823,-0.06203
0.17843,-0.062058
0.17863,-0.062085
0.17883,-0.062113
0.17904,-0.06214
0.17924,-0.062167
0.17944,-0.062195
0.17964,-0.062222
0.17985,-0.062249
0.18005,-0.062277
0.18025,-0.062304
0.18046,-0.062331
0.18066,-0.062358
0.18086,-0.062385
0.18106,-0.062412
0.18127,-0.06244
0.18147,-0.062467
0.18167,-0.062494
0.18188,-0.06252
0.18208,-0.062547
0.18228,-0.062574
0.18248,-0.062601
0.18269,-0.062628
0.18289,-0.062655
0.18309,-0.062682
0.18329,-0.062708
0.1835,-0.062735
0.1837,-0.062762
0.1839,-0.062788
0.18411,-0.062815
0.18431,-0.062842
0.18451,-0.062868
0.18471,-0.062895
0.18492,-0.062921
0.18512,-0.062948
0.18532,-0.062974
0.18553,-0.063
0.18573,-0.063027
0.18593,-0.063053
0.18613,-0.063079
0.18634,-0.063106
0.18654,-0.063132
0.18674,-0.063158
0.18695,-0.063184
0.18715,-0.06321
0.18735,-0.063236
0.18755,-0.063262
0.18776,-0.063288
0.18796,-0.063314
0.18816,-0.06334
0.18837,-0.063366
0.18857,-0.063392
0.18877,-0.063418
0.18897,-0.063444
0.18918,-0.06347
0.18938,-0.063495
0.18958,-0.063521
0.18979,-0.063547
0.18999,-0.063573
0.19019,-0.063598
0.1904,-0.063624
0.1906,-0.063649
0.1908,-0.063675
0.191,-0.0637
0.19121,-0.063726
0.19141,-0.063751
0.19161,-0.063777
0.19182,-0.063802
0.19202,-0.063828
0.19222,-0.063853
0.19242,-0.063878
0.19263,-0.063903
0.19283,-0.063929
0.19303,-0.063954
0.19324,-0.063979
0.19344,-0.064004
0.19364,-0.064029
0.19385,-0.064054
0.19405,-0.064079
0.19425,-0.064105
0.19445,-0.064129
0.19466,-0.064154
0.19486,-0.064179
0.19506,-0.064204
0.19527,-0.064229
0.19547,-0.064254
0.19567,-0.064279
0.19588,-0.064304
0.19608,-0.064328
0.19628,-0.064353
0.19649,-0.064378
0.19669,-0.064402
0.19689,-0.064427
0.19709,-0.064452
0.1973,-0.064476
0.1975,-0.064501
0.1977,-0.064525
0.19791,-0.06455
0.19811,-0.064574
0.19831,-0.064598
0.19852,-0.064623
0.19872,-0.064647
0.19892,-0.064671
0.19913,-0.064696
0.19933,-0.06472
0.19953,-0.064744
0.19973,-0.064768
0.19994,-0.064793
0.20014,-0.064817
0.20034,-0.064841
0.20055,-0.064865
0.20075,-0.064889
0.20095,-0.064913
0.20116,-0.064937
0.20136,-0.064961
0.20156,-0.064985
0.20177,-0.065009
0.20197,-0.065033
0.20217,-0.065056
0.20238,-0.06508
0.20258,-0.065104
0.20278,-0.065128
0.20299,-0.065151
0.20319,-0.065175
0.20339,-0.065199
0.20359,-0.065222
0.2038,-0.065246
0.204,-0.06527
0.2042,-0.065293
0.20441,-0.065317
0.20461,-0.06534
0.20481,-0.065364
0.20502,-0.065387
0.20522,-0.06541
0.20542,-0.065434
0.20563,-0.065457
0.20583,-0.06548
0.20603,-0.065504
0.20624,-0.065527
0.20644,-0.06555
0.20664,-0.065573
0.20685,-0.065596
0.20705,-0.065619
0.20725,-0.065643
0.20746,-0.065666
0.20766,-0.065689
0.20786,-0.065712
0.20807,-0.065735
0.20827,-0.065758
0.20847,-0.06578
0.20868,-0.065803
0.20888,-0.065826
0.20908,-0.065849
0.20929,-0.065872
0.20949,-0.065895
0.20969,-0.065917
0.2099,-0.06594
0.2101,-0.065963
0.2103,-0.065985
0.21051,-0.066008
0.21071,-0.066031
0.21091,-0.066053
0.21112,-0.066076
0.21132,-0.066098
0.21152,-0.066121
0.21172,-0.066143
0.21193,-0.066165
0.21213,-0.066188
0.21233,-0.06621
0.21254,-0.066232
0.21274,-0.066255
0.21294,-0.066277
0.21315,-0.066299
0.21335,-0.066321
0.21355,-0.066344
0.21376,-0.066366
0.21396,-0.066388
0.21417,-0.06641
0.21437,-0.066432
0.21457,-0.066454
0.21478,-0.066476
0.21498,-0.066498
0.21518,-0.06652
0.21539,-0.066542
0.21559,-0.066564
0.21579,-0.066586
0.216,-0.066607
0.2162,-0.066629
0.2164,-0.066651
0.21661,-0.066673
0.21681,-0.066694
0.21701,-0.066716
0.21722,-0.066738
0.21742,-0.066759
0.21762,-0.066781
0.21783,-0.066802
0.21803,-0.066824
0.21823,-0.066845
0.21844,-0.066867
0.21864,-0.066888
0.21884,-0.06691
0.21905,-0.066931
0.21925,-0.066952
0.21945,-0.066974
0.21966,-0.066995
0.21986,-0.067016
0.22006,-0.067038
0.22027,-0.067059
0.22047,-0.06708
0.22067,-0.067101
0.22088,-0.067122
0.22108,-0.067143
0.22128,-0.067164
0.22149,-0.067185
0.22169,-0.067206
0.22189,-0.067227
0.2221,-0.067248
0.2223,-0.067269
0.22251,-0.06729
0.22271,-0.067311
0.22291,-0.067332
0.22312,-0.067353
0.22332,-0.067373
0.22352,-0.067394
0.22373,-0.067415
0.22393,-0.067436
0.22413,-0.067456
0.22434,-0.067477
0.22454,-0.067497
0.22474,-0.067518
0.22495,-0.067539
0.22515,-0.067559
0.22535,-0.06758
0.22556,-0.0676
0.22576,-0.06762
0.22596,-0.067641
0.22617,-0.067661
0.22637,-0.067682
0.22658,-0.067702
0.22678,-0.067722
0.22698,-0.067742
0.22719,-0.067763
0.22739,-0.067783
0.22759,-0.067803
0.2278,-0.067823
0.228,-0.067843
0.2282,-0.067863
0.22841,-0.067883
0.22861,-0.067904
0.22881,-0.067924
0.22902,-0.067943
0.22922,-0.067963
0.22943,-0.067983
0.22963,-0.068003
0.22983,-0.068023
0.23004,-0.068043
0.23024,-0.068063
0.23044,-0.068082
0.23065,-0.068102
0.23085,-0.068122
0.23105,-0.068142
0.23126,-0.068161
0.23146,-0.068181
0.23167,-0.068201
0.23187,-0.06822
0.23207,-0.06824
0.23228,-0.068259
0.23248,-0.068279
0.23268,-0.068298
0.23289,-0.068318
0.23309,-0.068337
0.23329,-0.068356
0.2335,-0.068376
0.2337,-0.068395
0.23391,-0.068414
0.23411,-0.068434
0.23431,-0.068453
0.23452,-0.068472
0.23472,-0.068491
0.23492,-0.06851
0.23513,-0.068529
0.23533,-0.068549
0.23553,-0.068568
0.23574,-0.068587
0.23594,-0.068606
0.23615,-0.068625
0.23635,-0.068644
0.23655,-0.068662
0.23676,-0.068681
0.23696,-0.0687
0.23716,-0.068719
0.23737,-0.068738
0.23757,-0.068757
0.23777,-0.068775
0.23798,-0.068794
0.23818,-0.068813
0.23839,-0.068832
0.23859,-0.06885
0.23879,-0.068869
0.239,-0.068887
0.2392,-0.068906
0.2394,-0.068925
0.23961,-0.068943
0.23981,-0.068961
0.24002,-0.06898
0.24022,-0.068998
0.24042,-0.069017
0.24063,-0.069035
0.24083,-0.069053
0.24103,-0.069072
0.24124,-0.06909
0.24144,-0.069108
0.24165,-0.069127
0.24185,-0.069145
0.24205,-0.069163
0.24226,-0.069181
0.24246,-0.069199
0.24266,-0.069217
0.24287,-0.069235
0.24307,-0.069253
0.24328,-0.069271
0.24348,-0.069289
0.24368,-0.069307
0.24389,-0.069325
0.24409,-0.069343
0.24429,-0.069361
0.2445,-0.069379
0.2447,-0.069397
0.24491,-0.069414
0.24511,-0.069432
0.24531,-0.06945
0.24552,-0.069468
0.24572,-0.069485
0.24592,-0.069503
0.24613,-0.069521
0.24633,-0.069538
0.24654,-0.069556
0.24674,-0.069573
0.24694,-0.069591
0.24715,-0.069608
0.24735,-0.069626
0.24755,-0.069643
0.24776,-0.06966
0.24796,-0.069678
0.24817,-0.069695
0.24837,-0.069713
0.24857,-0.06973
0.24878,-0.069747
0.24898,-0.069764
0.24919,-0.069782
0.24939,-0.069799
0.24959,-0.069816
0.2498,-0.069833
0.25,-0.06985
0.2502,-0.069867
0.25041,-0.069884
0.25061,-0.069901
0.25082,-0.069918
0.25102,-0.069935
0.25122,-0.069952
0.25143,-0.069969
0.25163,-0.069986
0.25184,-0.070003
0.25204,-0.07002
0.25224,-0.070036
0.25245,-0.070053
0.25265,-0.07007
0.25285,-0.070087
0.25306,-0.070103
0.25326,-0.07012
0.25347,-0.070137
0.25367,-0.070153
0.25387,-0.07017
0.25408,-0.070186
0.25428,-0.070203
0.25449,-0.070219
0.25469,-0.070236
0.25489,-0.070252
0.2551,-0.070269
0.2553,-0.070285
0.25551,-0.070301
0.25571,-0.070318
0.25591,-0.070334
0.25612,-0.07035
0.25632,-0.070367
0.25652,-0.070383
0.25673,-0.070399
0.25693,-0.070415
0.25714,-0.070431
0.25734,-0.070447
0.25754,-0.070463
0.25775,-0.07048
0.25795,-0.070496
0.25816,-0.070512
0.25836,-0.070528
0.25856,-0.070543
0.25877,-0.070559
0.25897,-0.070575
0.25918,-0.070591
0.25938,-0.070607
0.25958,-0.070623
0.25979,-0.070639
0.25999,-0.070654
0.2602,-0.07067
0.2604,-0.070686
0.2606,-0.070701
0.26081,-0.070717
0.26101,-0.070733
0.26122,-0.070748
0.26142,-0.070764
0.26162,-0.070779
0.26183,-0.070795
0.26203,-0.07081
0.26224,-0.070826
0.26244,-0.070841
0.26264,-0.070857
0.26285,-0.070872
0.26305,-0.070887
0.26326,-0.070902
0.26346,-0.070918
0.26366,-0.070933
0.26387,-0.070948
0.26407,-0.070963
0.26428,-0.070979
0.26448,-0.070994
0.26468,-0.071009
0.26489,-0.071024
0.26509,-0.071039
0.2653,-0.071054
0.2655,-0.071069
0.2657,-0.071084
0.26591,-0.071099
0.26611,-0.071114
0.26632,-0.071129
0.26652,-0.071144
0.26672,-0.071158
0.26693,-0.071173
0.26713,-0.071188
0.26734,-0.071203
0.26754,-0.071217
0.26774,-0.071232
0.26795,-0.071247
0.26815,-0.071261
0.26836,-0.071276
0.26856,-0.071291
0.26876,-0.071305
0.26897,-0.07132
0.26917,-0.071334
0.26938,-0.071349
0.26958,-0.071363
0.26978,-0.071377
0.26999,-0.071392
0.27019,-0.071406
0.2704,-0.07142
0.2706,-0.071435
0.2708,-0.071449
0.27101,-0.071463
0.27121,-0.071477
0.27142,-0.071492
0.27162,-0.071506
0.27182,-0.07152
0.27203,-0.071534
0.27223,-0.071548
0.27244,-0.071562
0.27264,-0.071576
0.27284,-0.07159
0.27305,-0.071604
0.27325,-0.071618
0.27346,-0.071632
0.27366,-0.071646
0.27387,-0.071659
0.27407,-0.071673
0.27427,-0.071687
0.27448,-0.071701
0.27468,-0.071714
0.27489,-0.071728
0.27509,-0.071742
0.27529,-0.071755
0.2755,-0.071769
0.2757,-0.071783
0.27591,-0.071796
0.27611,-0.07181
0.27631,-0.071823
0.27652,-0.071837
0.27672,-0.07185
0.27693,-0.071863
0.27713,-0.071877
0.27733,-0.07189
0.27754,-0.071903
0.27774,-0.071917
0.27795,-0.07193
0.27815,-0.071943
0.27836,-0.071956
0.27856,-0.07197
0.27876,-0.071983
0.27897,-0.071996
0.27917,-0.072009
0.27938,-0.072022
0.27958,-0.072035
0.27978,-0.072048
0.27999,-0.072061
0.28019,-0.072074
0.2804,-0.072087
0.2806,-0.0721
0.28081,-0.072113
0.28101,-0.072125
0.28121,-0.072138
0.28142,-0.072151
0.28162,-0.072164
0.28183,-0.072176
0.28203,-0.072189
0.28223,-0.072202
0.28244,-0.072214
0.28264,-0.072227
0.28285,-0.07224
0.28305,-0.072252
0.28326,-0.072265
0.28346,-0.072277
0.28366,-0.07229
0.28387,-0.072302
0.28407,-0.072314
0.28428,-0.072327
0.28448,-0.072339
0.28468,-0.072351
0.28489,-0.072364
0.28509,-0.072376
0.2853,-0.072388
0.2855,-0.0724
0.28571,-0.072412
0.28591,-0.072425
0.28611,-0.072437
0.28632,-0.072449
0.28652,-0.072461
0.28673,-0.072473
0.28693,-0.072485
0.28713,-0.072497
0.28734,-0.072509
0.28754,-0.072521
0.28775,-0.072532
0.28795,-0.072544
0.28816,-0.072556
0.28836,-0.072568
0.28856,-0.07258
0.28877,-0.072591
0.28897,-0.072603
0.28918,-0.072615
0.28938,-0.072626
0.28959,-0.072638
0.28979,-0.072649
0.28999,-0.072661
0.2902,-0.072672
0.2904,-0.072684
0.29061,-0.072695
0.29081,-0.072707
0.29101,-0.072718
0.29122,-0.07273
0.29142,-0.072741
0.29163,-0.072752
0.29183,-0.072763
0.29204,-0.072775
0.29224,-0.072786
0.29244,-0.072797
0.29265,-0.072808
0.29285,-0.072819
0.29306,-0.072831
0.29326,-0.072842
0.29347,-0.072853
0.29367,-0.072864
0.29387,-0.072875
0.29408,-0.072886
0.29428,-0.072896
0.29449,-0.072907
0.29469,-0.072918
0.2949,-0.072929
0.2951,-0.07294
0.2953,-0.072951
0.29551,-0.072961
0.29571,-0.072972
0.29592,-0.072983
0.29612,-0.072993
0.29633,-0.073004
0.29653,-0.073015
0.29673,-0.073025
0.29694,-0.073036
0.29714,-0.073046
0.29735,-0.073057
0.29755,-0.073067
0.29776,-0.073078
0.29796,-0.073088
0.29816,-0.073098
0.29837,-0.073109
0.29857,-0.073119
0.29878,-0.073129
0.29898,-0.073139
0.29919,-0.07315
0.29939,-0.07316
0.29959,-0.07317
0.2998,-0.07318
0.3,-0.07319
0.30021,-0.0732
0.30041,-0.07321
0.30062,-0.07322
0.30082,-0.07323
0.30102,-0.07324
0.30123,-0.07325
0.30143,-0.07326
0.30164,-0.07327
0.30184,-0.07328
0.30205,-0.073289
0.30225,-0.073299
0.30245,-0.073309
0.30266,-0.073319
0.30286,-0.073328
0.30307,-0.073338
0.30327,-0.073347
0.30348,-0.073357
0.30368,-0.073367
0.30388,-0.073376
0.30409,-0.073386
0.30429,-0.073395
0.3045,-0.073404
0.3047,-0.073414
0.30491,-0.073423
0.30511,-0.073433
0.30532,-0.073442
0.30552,-0.073451
0.30572,-0.07346
0.30593,-0.07347
0.30613,-0.073479
0.30634,-0.073488
0.30654,-0.073497
0.30675,-0.073506
0.30695,-0.073515
0.30715,-0.073524
0.30736,-0.073533
0.30756,-0.073542
0.30777,-0.073551
0.30797,-0.07356
0.30818,-0.073569
0.30838,-0.073578
0.30859,-0.073587
0.30879,-0.073596
0.30899,-0.073605
0.3092,-0.073613
0.3094,-0.073622
0.30961,-0.073631
0.30981,-0.073639
0.31002,-0.073648
0.31022,-0.073657
0.31042,-0.073665
0.31063,-0.073674
0.31083,-0.073682
0.31104,-0.073691
0.31124,-0.073699
0.31145,-0.073708
0.31165,-0.073716
0.31186,-0.073725
0.31206,-0.073733
0.31226,-0.073741
0.31247,-0.07375
0.31267,-0.073758
0.31288,-0.073766
0.31308,-0.073774
0.31329,-0.073783
0.31349,-0.073791
0.31369,-0.073799
0.3139,-0.073807
0.3141,-0.073815
0.31431,-0.073823
0.31451,-0.073831
0.31472,-0.073839
0.31492,-0.073847
0.31513,-0.073855
0.31533,-0.073863
0.31553,-0.073871
0.31574,-0.073879
0.31594,-0.073886
0.31615,-0.073894
0.31635,-0.073902
0.31656,-0.07391
0.31676,-0.073917
0.31697,-0.073925
0.31717,-0.073933
0.31737,-0.07394
0.31758,-0.073948
0.31778,-0.073956
0.31799,-0.073963
0.31819,-0.073971
0.3184,-0.073978
0.3186,-0.073986
0.3188,-0.073993
0.31901,-0.074
0.31921,-0.074008
0.31942,-0.074015
0.31962,-0.074023
0.31983,-0.07403
0.32003,-0.074037
0.32024,-0.074044
0.32044,-0.074052
0.32064,-0.074059
0.32085,-0.074066
0.32105,-0.074073
0.32126,-0.07408
0.32146,-0.074087
0.32167,-0.074094
0.32187,-0.074101
0.32208,-0.074108
0.32228,-0.074115
0.32248,-0.074122
0.32269,-0.074129
0.32289,-0.074136
0.3231,-0.074143
0.3233,-0.07415
0.32351,-0.074157
0.32371,-0.074163
0.32392,-0.07417
0.32412,-0.074177
0.32432,-0.074183
0.32453,-0.07419
0.32473,-0.074197
0.32494,-0.074203
0.32514,-0.07421
0.32535,-0.074217
0.32555,-0.074223
0.32576,-0.07423
0.32596,-0.074236
0.32616,-0.074243
0.32637,-0.074249
0.32657,-0.074255
0.32678,-0.074262
0.32698,-0.074268
0.32719,-0.074274
0.32739,-0.074281
0.3276,-0.074287
0.3278,-0.074293
0.328,-0.074299
0.32821,-0.074306
0.32841,-0.074312
0.32862,-0.074318
0.32882,-0.074324
0.32903,-0.07433
0.32923,-0.074336
0.32944,-0.074342
0.32964,-0.074348
0.32984,-0.074354
0.33005,-0.07436
0.33025,-0.074366
0.33046,-0.074372
0.33066,-0.074378
0.33087,-0.074384
0.33107,-0.07439
0.33128,-0.074395
0.33148,-0.074401
0.33169,-0.074407
0.33189,-0.074413
0.33209,-0.074418
0.3323,-0.074424
0.3325,-0.07443
0.33271,-0.074435
0.33291,-0.074441
0.33312,-0.074446
0.33332,-0.074452
0.33353,-0.074458
0.33373,-0.074463
0.33393,-0.074469
0.33414,-0.074474
0.33434,-0.074479
0.33455,-0.074485
0.33475,-0.07449
0.33496,-0.074495
0.33516,-0.074501
0.33537,-0.074506
0.33557,-0.074511
0.33577,-0.074517
0.33598,-0.074522
0.33618,-0.074527
0.33639,-0.074532
0.33659,-0.074537
0.3368,-0.074542
0.337,-0.074547
0.33721,-0.074552
0.33741,-0.074558
0.33762,-0.074563
0.33782,-0.074568
0.33802,-0.074572
0.33823,-0.074577
0.33843,-0.074582
0.33864,-0.074587
0.33884,-0.074592
0.33905,-0.074597
0.33925,-0.074602
0.33946,-0.074606
0.33966,-0.074611
0.33986,-0.074616
0.34007,-0.074621
0.34027,-0.074625
0.34048,-0.07463
0.34068,-0.074635
0.34089,-0.074639
0.34109,-0.074644
0.3413,-0.074648
0.3415,-0.074653
0.34171,-0.074657
0.34191,-0.074662
0.34211,-0.074666
0.34232,-0.074671
0.34252,-0.074675
0.34273,-0.07468
0.34293,-0.074684
0.34314,-0.074688
0.34334,-0.074693
0.34355,-0.074697
0.34375,-0.074701
0.34395,-0.074705
0.34416,-0.07471
0.34436,-0.074714
0.34457,-0.074718
0.34477,-0.074722
0.34498,-0.074726
0.34518,-0.07473
0.34539,-0.074734
0.34559,-0.074739
0.3458,-0.074743
0.346,-0.074747
0.3462,-0.074751
0.34641,-0.074754
0.34661,-0.074758
0.34682,-0.074762
0.34702,-0.074766
0.34723,-0.07477
0.34743,-0.074774
0.34764,-0.074778
0.34784,-0.074781
0.34804,-0.074785
0.34825,-0.074789
0.34845,-0.074793
0.34866,-0.074796
0.34886,-0.0748
0.34907,-0.074804
0.34927,-0.074807
0.34948,-0.074811
0.34968,-0.074814
0.34989,-0.074818
0.35009,-0.074822
0.35029,-0.074825
0.3505,-0.074829
0.3507,-0.074832
0.35091,-0.074835
0.35111,-0.074839
0.35132,-0.074842
0.35152,-0.074846
0.35173,-0.074849
0.35193,-0.074852
0.35214,-0.074855
0.35234,-0.074859
0.35254,-0.074862
0.35275,-0.074865
0.35295,-0.074868
0.35316,-0.074872
0.35336,-0.074875
0.35357,-0.074878
0.35377,-0.074881
0.35398,-0.074884
0.35418,-0.074887
0.35439,-0.07489
0.35459,-0.074893
0.35479,-0.074896
0.355,-0.074899
0.3552,-0.074902
0.35541,-0.074905
0.35561,-0.074907
0.35582,-0.07491
0.35602,-0.074913
0.35623,-0.074916
0.35643,-0.074919
0.35664,-0.074921
0.35684,-0.074924
0.35704,-0.074927
0.35725,-0.074929
0.35745,-0.074932
0.35766,-0.074935
0.35786,-0.074937
0.35807,-0.07494
0.35827,-0.074942
0.35848,-0.074945
0.35868,-0.074947
0.35889,-0.074949
0.35909,-0.074952
0.35929,-0.074954
0.3595,-0.074957
0.3597,-0.074959
0.35991,-0.074961
0.36011,-0.074963
0.36032,-0.074966
0.36052,-0.074968
0.36073,-0.07497
0.36093,-0.074972
0.36114,-0.074974
0.36134,-0.074976
0.36154,-0.074978
0.36175,-0.07498
0.36195,-0.074982
0.36216,-0.074984
0.36236,-0.074986
0.36257,-0.074988
0.36277,-0.07499
0.36298,-0.074992
0.36318,-0.074994
0.36339,-0.074995
0.36359,-0.074997
0.36379,-0.074999
0.364,-0.075001
0.3642,-0.075002
0.36441,-0.075004
0.36461,-0.075005
0.36482,-0.075007
0.36502,-0.075009
0.36523,-0.07501
0.36543,-0.075012
0.36564,-0.075013
0.36584,-0.075014
0.36604,-0.075016
0.36625,-0.075017
0.36645,-0.075018
0.36666,-0.07502
0.36686,-0.075021
0.36707,-0.075022
0.36727,-0.075023
0.36748,-0.075025
0.36768,-0.075026
0.36789,-0.075027
0.36809,-0.075028
0.36829,-0.075029
0.3685,-0.07503
0.3687,-0.075031
0.36891,-0.075032
0.36911,-0.075033
0.36932,-0.075033
0.36952,-0.075034
0.36973,-0.075035
0.36993,-0.075036
0.37014,-0.075037
0.37034,-0.075037
0.37054,-0.075038
0.37075,-0.075039
0.37095,-0.075039
0.37116,-0.07504
0.37136,-0.07504
0.37157,-0.075041
0.37177,-0.075041
0.37198,-0.075042
0.37218,-0.075042
0.37239,-0.075042
0.37259,-0.075043
0.37279,-0.075043
0.373,-0.075043
0.3732,-0.075043
0.37341,-0.075044
0.37361,-0.075044
0.37382,-0.075044
0.37402,-0.075044
0.37423,-0.075044
0.37443,-0.075044
0.37464,-0.075044
0.37484,-0.075044
0.37504,-0.075044
0.37525,-0.075044
0.37545,-0.075043
0.37566,-0.075043
0.37586,-0.075043
0.37607,-0.075043
0.37627,-0.075042
0.37648,-0.075042
0.37668,-0.075042
0.37689,-0.075041
0.37709,-0.075041
0.37729,-0.07504
0.3775,-0.07504
0.3777,-0.075039
0.37791,-0.075039
0.37811,-0.075038
0.37832,-0.075037
0.37852,-0.075036
0.37873,-0.075036
0.37893,-0.075035
0.37914,-0.075034
0.37934,-0.075033
0.37954,-0.075032
0.37975,-0.075031
0.37995,-0.07503
0.38016,-0.075029
0.38036,-0.075028
0.38057,-0.075027
0.38077,-0.075026
0.38098,-0.075025
0.38118,-0.075023
0.38139,-0.075022
0.38159,-0.075021
0.38179,-0.07502
0.382,-0.075018
0.3822,-0.075017
0.38241,-0.075015
0.38261,-0.075014
0.38282,-0.075012
0.38302,-0.075011
0.38323,-0.075009
0.38343,-0.075007
0.38364,-0.075006
0.38384,-0.075004
0.38404,-0.075002
0.38425,-0.075
0.38445,-0.074998
0.38466,-0.074997
0.38486,-0.074995
0.38507,-0.074993
0.38527,-0.074991
0.38548,-0.074988
0.38568,-0.074986
0.38589,-0.074984
0.38609,-0.074982
0.38629,-0.07498
0.3865,-0.074977
0.3867,-0.074975
0.38691,-0.074973
0.38711,-0.07497
0.38732,-0.074968
0.38752,-0.074965
0.38773,-0.074963
0.38793,-0.07496
0.38814,-0.074958
0.38834,-0.074955
0.38854,-0.074952
0.38875,-0.07495
0.38895,-0.074947
0.38916,-0.074944
0.38936,-0.074941
0.38957,-0.074938
0.38977,-0.074935
0.38998,-0.074932
0.39018,-0.074929
0.39039,-0.074926
0.39059,-0.074923
0.39079,-0.07492
0.391,-0.074917
0.3912,-0.074913
0.39141,-0.07491
0.39161,-0.074907
0.39182,-0.074903
0.39202,-0.0749
0.39223,-0.074896
0.39243,-0.074893
0.39264,-0.074889
0.39284,-0.074886
0.39304,-0.074882
0.39325,-0.074878
0.39345,-0.074875
0.39366,-0.074871
0.39386,-0.074867
0.39407,-0.074863
0.39427,-0.074859
0.39448,-0.074855
0.39468,-0.074851
0.39489,-0.074847
0.39509,-0.074843
0.39529,-0.074839
0.3955,-0.074835
0.3957,-0.07483
0.39591,-0.074826
0.39611,-0.074822
0.39632,-0.074817
0.39652,-0.074813
0.39673,-0.074808
0.39693,-0.074804
0.39713,-0.074799
0.39734,-0.074795
0.39754,-0.07479
0.39775,-0.074785
0.39795,-0.07478
0.39816,-0.074776
0.39836,-0.074771
0.39857,-0.074766
0.39877,-0.074761
0.39898,-0.074756
0.39918,-0.074751
0.39938,-0.074746
0.39959,-0.074741
0.39979,-0.074735
0.4,-0.07473
0.4002,-0.074725
0.40041,-0.074719
0.40061,-0.074714
0.40082,-0.074709
0.40102,-0.074703
0.40122,-0.074698
0.40143,-0.074692
0.40163,-0.074686
0.40184,-0.074681
0.40204,-0.074675
0.40225,-0.074669
0.40245,-0.074663
0.40266,-0.074657
0.40286,-0.074652
0.40306,-0.074646
0.40327,-0.07464
0.40347,-0.074634
0.40368,-0.074627
0.40388,-0.074621
0.40409,-0.074615
0.40429,-0.074609
0.4045,-0.074603
0.4047,-0.074596
0.4049,-0.07459
0.40511,-0.074583
0.40531,-0.074577
0.40552,-0.07457
0.40572,-0.074564
0.40593,-0.074557
0.40613,-0.074551
0.40634,-0.074544
0.40654,-0.074537
0.40674,-0.07453
0.40695,-0.074524
0.40715,-0.074517
0.40736,-0.07451
0.40756,-0.074503
0.40777,-0.074496
0.40797,-0.074489
0.40818,-0.074482
0.40838,-0.074474
0.40858,-0.074467
0.40879,-0.07446
0.40899,-0.074453
0.4092,-0.074445
0.4094,-0.074438
0.40961,-0.074431
0.40981,-0.074423
0.41002,-0.074416
0.41022,-0.074408
0.41042,-0.074401
0.41063,-0.074393
0.41083,-0.074385
0.41104,-0.074377
0.41124,-0.07437
0.41145,-0.074362
0.41165,-0.074354
0.41186,-0.074346
0.41206,-0.074338
0.41226,-0.07433
0.41247,-0.074322
0.41267,-0.074314
0.41288,-0.074306
0.41308,-0.074298
0.41329,-0.07429
0.41349,-0.074282
0.41369,-0.074273
0.4139,-0.074265
0.4141,-0.074257
0.41431,-0.074248
0.41451,-0.07424
0.41472,-0.074231
0.41492,-0.074223
0.41513,-0.074214
0.41533,-0.074206
0.41553,-0.074197
0.41574,-0.074188
0.41594,-0.07418
0.41615,-0.074171
0.41635,-0.074162
0.41656,-0.074153
0.41676,-0.074144
0.41696,-0.074136
0.41717,-0.074127
0.41737,-0.074118
0.41758,-0.074109
0.41778,-0.074099
0.41799,-0.07409
0.41819,-0.074081
0.4184,-0.074072
0.4186,-0.074063
0.4188,-0.074054
0.41901,-0.074044
0.41921,-0.074035
0.41942,-0.074025
0.41962,-0.074016
0.41983,-0.074007
0.42003,-0.073997
0.42023,-0.073988
0.42044,-0.073978
0.42064,-0.073968
0.42085,-0.073959
0.42105,-0.073949
0.42126,-0.073939
0.42146,-0.073929
0.42166,-0.07392
0.42187,-0.07391
0.42207,-0.0739
0.42228,-0.07389
0.42248,-0.07388
0.42269,-0.07387
0.42289,-0.07386
0.42309,-0.07385
0.4233,-0.07384
0.4235,-0.07383
0.42371,-0.07382
0.42391,-0.073809
0.42412,-0.073799
0.42432,-0.073789
0.42452,-0.073778
0.42473,-0.073768
0.42493,-0.073758
0.42514,-0.073747
0.42534,-0.073737
0.42555,-0.073726
0.42575,-0.073716
0.42595,-0.073705
0.42616,-0.073695
0.42636,-0.073684
0.42657,-0.073673
0.42677,-0.073663
0.42698,-0.073652
0.42718,-0.073641
0.42738,-0.07363
0.42759,-0.073619
0.42779,-0.073608
0.428,-0.073598
0.4282,-0.073587
0.42841,-0.073576
0.42861,-0.073565
0.42881,-0.073553
0.42902,-0.073542
0.42922,-0.073531
0.42943,-0.07352
0.42963,-0.073509
0.42984,-0.073498
0.43004,-0.073486
0.43024,-0.073475
0.43045,-0.073464
0.43065,-0.073452
0.43086,-0.073441
0.43106,-0.07343
0.43127,-0.073418
0.43147,-0.073407
0.43167,-0.073395
0.43188,-0.073384
0.43208,-0.073372
0.43229,-0.07336
0.43249,-0.073349
0.4327,-0.073337
0.4329,-0.073325
0.4331,-0.073314
0.43331,-0.073302
0.43351,-0.07329
0.43372,-0.073278
0.43392,-0.073266
0.43412,-0.073254
0.43433,-0.073242
0.43453,-0.07323
0.43474,-0.073218
0.43494,-0.073206
0.43515,-0.073194
0.43535,-0.073182
0.43555,-0.07317
0.43576,-0.073158
0.43596,-0.073146
0.43617,-0.073133
0.43637,-0.073121
0.43657,-0.073109
0.43678,-0.073097
0.43698,-0.073084
0.43719,-0.073072
0.43739,-0.07306
0.4376,-0.073047
0.4378,-0.073035
0.438,-0.073022
0.43821,-0.07301
0.43841,-0.072997
0.43862,-0.072985
0.43882,-0.072972
0.43902,-0.072959
0.43923,-0.072947
0.43943,-0.072934
0.43964,-0.072921
0.43984,-0.072908
0.44005,-0.072896
0.44025,-0.072883
0.44045,-0.07287
0.44066,-0.072857
0.44086,-0.072844
0.44107,-0.072831
0.44127,-0.072818
0.44147,-0.072805
0.44168,-0.072792
0.44188,-0.072779
0.44209,-0.072766
0.44229,-0.072753
0.4425,-0.07274
0.4427,-0.072727
0.4429,-0.072714
0.44311,-0.072701
0.44331,-0.072687
0.44352,-0.072674
0.44372,-0.072661
0.44392,-0.072648
0.44413,-0.072634
0.44433,-0.072621
0.44454,-0.072608
0.44474,-0.072594
0.44494,-0.072581
0.44515,-0.072567
0.44535,-0.072554
0.44556,-0.07254
0.44576,-0.072527
0.44597,-0.072513
0.44617,-0.0725
0.44637,-0.072486
0.44658,-0.072472
0.44678,-0.072459
0.44699,-0.072445
0.44719,-0.072431
0.44739,-0.072418
0.4476,-0.072404
0.4478,-0.07239
0.44801,-0.072376
0.44821,-0.072362
0.44841,-0.072348
0.44862,-0.072335
0.44882,-0.072321
0.44903,-0.072307
0.44923,-0.072293
0.44944,-0.072279
0.44964,-0.072265
0.44984,-0.072251
0.45005,-0.072237
0.45025,-0.072223
0.45046,-0.072209
0.45066,-0.072194
0.45086,-0.07218
0.45107,-0.072166
0.45127,-0.072152
0.45148,-0.072138
0.45168,-0.072124
0.45188,-0.072109
0.45209,-0.072095
0.45229,-0.072081
0.4525,-0.072066
0.4527,-0.072052
0.4529,-0.072038
0.45311,-0.072023
0.45331,-0.072009
0.45352,-0.071994
0.45372,-0.07198
0.45392,-0.071965
0.45413,-0.071951
0.45433,-0.071936
0.45454,-0.071922
0.45474,-0.071907
0.45494,-0.071893
0.45515,-0.071878
0.45535,-0.071863
0.45556,-0.071849
0.45576,-0.071834
0.45596,-0.071819
0.45617,-0.071804
0.45637,-0.07179
0.45658,-0.071775
0.45678,-0.07176
0.45698,-0.071745
0.45719,-0.07173
0.45739,-0.071715
0.4576,-0.0717
0.4578,-0.071686
0.458,-0.071671
0.45821,-0.071656
0.45841,-0.071641
0.45862,-0.071626
0.45882,-0.07161
0.45902,-0.071595
0.45923,-0.07158
0.45943,-0.071565
0.45964,-0.07155
0.45984,-0.071535
0.46004,-0.07152
0.46025,-0.071504
0.46045,-0.071489
0.46066,-0.071474
0.46086,-0.071459
0.46106,-0.071443
0.46127,-0.071428
0.46147,-0.071413
0.46168,-0.071397
0.46188,-0.071382
0.46208,-0.071366
0.46229,-0.071351
0.46249,-0.071336
0.4627,-0.07132
0.4629,-0.071305
0.4631,-0.071289
0.46331,-0.071273
0.46351,-0.071258
0.46372,-0.071242
0.46392,-0.071227
0.46412,-0.071211
0.46433,-0.071195
0.46453,-0.07118
0.46474,-0.071164
0.46494,-0.071148
0.46514,-0.071132
0.46535,-0.071117
0.46555,-0.071101
0.46576,-0.071085
0.46596,-0.071069
0.46616,-0.071053
0.46637,-0.071037
0.46657,-0.071021
0.46678,-0.071005
0.46698,-0.070989
0.46718,-0.070973
0.46739,-0.070957
0.46759,-0.070941
0.46779,-0.070925
0.468,-0.070909
0.4682,-0.070893
0.46841,-0.070877
0.46861,-0.070861
0.46881,-0.070845
0.46902,-0.070828
0.46922,-0.070812
0.46943,-0.070796
0.46963,-0.07078
0.46983,-0.070763
0.47004,-0.070747
0.47024,-0.070731
0.47045,-0.070714
0.47065,-0.070698
0.47085,-0.070681
0.47106,-0.070665
0.47126,-0.070649
0.47147,-0.070632
0.47167,-0.070616
0.47187,-0.070599
0.47208,-0.070582
0.47228,-0.070566
0.47248,-0.070549
0.47269,-0.070533
0.47289,-0.070516
0.4731,-0.070499
0.4733,-0.070483
0.4735,-0.070466
0.47371,-0.070449
0.47391,-0.070432
0.47412,-0.070416
0.47432,-0.070399
0.47452,-0.070382
0.47473,-0.070365
0.47493,-0.070348
0.47513,-0.070331
0.47534,-0.070315
0.47554,-0.070298
0.47575,-0.070281
0.47595,-0.070264
0.47615,-0.070247
0.47636,-0.07023
0.47656,-0.070213
0.47677,-0.070195
0.47697,-0.070178
0.47717,-0.070161
0.47738,-0.070144
0.47758,-0.070127
0.47778,-0.07011
0.47799,-0.070093
0.47819,-0.070075
0.4784,-0.070058
0.4786,-0.070041
0.4788,-0.070023
0.47901,-0.070006
0.47921,-0.069989
0.47942,-0.069971
0.47962,-0.069954
0.47982,-0.069937
0.48003,-0.069919
0.48023,-0.069902
0.48043,-0.069884
0.48064,-0.069867
0.48084,-0.069849
0.48105,-0.069832
0.48125,-0.069814
0.48145,-0.069796
0.48166,-0.069779
0.48186,-0.069761
0.48206,-0.069744
0.48227,-0.069726
0.48247,-0.069708
0.48268,-0.06969
0.48288,-0.069673
0.48308,-0.069655
0.48329,-0.069637
0.48349,-0.069619
0.48369,-0.069601
0.4839,-0.069584
0.4841,-0.069566
0.48431,-0.069548
0.48451,-0.06953
0.48471,-0.069512
0.48492,-0.069494
0.48512,-0.069476
0.48533,-0.069458
0.48553,-0.06944
0.48573,-0.069422
0.48594,-0.069404
0.48614,-0.069385
0.48634,-0.069367
0.48655,-0.069349
0.48675,-0.069331
0.48696,-0.069313
0.48716,-0.069295
0.48736,-0.069276
0.48757,-0.069258
0.48777,-0.06924
0.48797,-0.069221
0.48818,-0.069203
0.48838,-0.069185
0.48859,-0.069166
0.48879,-0.069148
0.48899,-0.069129
0.4892,-0.069111
0.4894,-0.069092
0.4896,-0.069074
0.48981,-0.069055
0.49001,-0.069037
0.49021,-0.069018
0.49042,-0.069
0.49062,-0.068981
0.49083,-0.068963
0.49103,-0.068944
0.49123,-0.068925
0.49144,-0.068906
0.49164,-0.068888
0.49184,-0.068869
0.49205,-0.06885
0.49225,-0.068831
0.49246,-0.068813
0.49266,-0.068794
0.49286,-0.068775
0.49307,-0.068756
0.49327,-0.068737
0.49347,-0.068718
0.49368,-0.068699
0.49388,-0.06868
0.49409,-0.068661
0.49429,-0.068642
0.49449,-0.068623
0.4947,-0.068604
0.4949,-0.068585
0.4951,-0.068566
0.49531,-0.068547
0.49551,-0.068528
0.49571,-0.068509
0.49592,-0.068489
0.49612,-0.06847
0.49633,-0.068451
0.49653,-0.068432
0.49673,-0.068412
0.49694,-0.068393
0.49714,-0.068374
0.49734,-0.068354
0.49755,-0.068335
0.49775,-0.068316
0.49795,-0.068296
0.49816,-0.068277
0.49836,-0.068257
0.49857,-0.068238
0.49877,-0.068218
0.49897,-0.068199
0.49918,-0.068179
0.49938,-0.06816
0.49958,-0.06814
0.49979,-0.068121
0.49999,-0.068101
0.50019,-0.068081
0.5004,-0.068062
0.5006,-0.068042
0.50081,-0.068022
0.50101,-0.068002
0.50121,-0.067983
0.50142,-0.067963
0.50162,-0.067943
0.50182,-0.067923
0.50203,-0.067903
0.50223,-0.067883
0.50243,-0.067864
0.50264,-0.067844
0.50284,-0.067824
0.50304,-0.067804
0.50325,-0.067784
0.50345,-0.067764
0.50366,-0.067744
0.50386,-0.067724
0.50406,-0.067704
0.50427,-0.067683
0.50447,-0.067663
0.50467,-0.067643
0.50488,-0.067623
0.50508,-0.067603
0.50528,-0.067583
0.50549,-0.067562
0.50569,-0.067542
0.50589,-0.067522
0.5061,-0.067502
0.5063,-0.067481
0.5065,-0.067461
0.50671,-0.067441
0.50691,-0.06742
0.50712,-0.0674
0.50732,-0.067379
0.50752,-0.067359
0.50773,-0.067339
0.50793,-0.067318
0.50813,-0.067298
0.50834,-0.067277
0.50854,-0.067257
0.50874,-0.067236
0.50895,-0.067215
0.50915,-0.067195
0.50935,-0.067174
0.50956,-0.067153
0.50976,-0.067133
0.50996,-0.067112
0.51017,-0.067091
0.51037,-0.067071
0.51058,-0.06705
0.51078,-0.067029
0.51098,-0.067008
0.51119,-0.066988
0.51139,-0.066967
0.51159,-0.066946
0.5118,-0.066925
0.512,-0.066904
0.5122,-0.066883
0.51241,-0.066862
0.51261,-0.066841
0.51281,-0.06682
0.51302,-0.066799
0.51322,-0.066778
0.51342,-0.066757
0.51363,-0.066736
0.51383,-0.066715
0.51403,-0.066694
0.51424,-0.066673
0.51444,-0.066652
0.51464,-0.06663
0.51485,-0.066609
0.51505,-0.066588
0.51526,-0.066567
0.51546,-0.066546
0.51566,-0.066524
0.51587,-0.066503
0.51607,-0.066482
0.51627,-0.06646
0.51648,-0.066439
0.51668,-0.066418
0.51688,-0.066396
0.51709,-0.066375
0.51729,-0.066353
0.51749,-0.066332
0.5177,-0.066311
0.5179,-0.066289
0.5181,-0.066267
0.51831,-0.066246
0.51851,-0.066224
0.51871,-0.066203
0.51892,-0.066181
0.51912,-0.06616
0.51932,-0.066138
0.51953,-0.066116
0.51973,-0.066095
0.51993,-0.066073
0.52014,-0.066051
0.52034,-0.06603
0.52054,-0.066008
0.52075,-0.065986
0.52095,-0.065964
0.52115,-0.065942
0.52136,-0.065921
0.52156,-0.065899
0.52176,-0.065877
0.52197,-0.065855
0.52217,-0.065833
0.52237,-0.065811
0.52258,-0.065789
0.52278,-0.065767
0.52298,-0.065745
0.52319,-0.065723
0.52339,-0.065701
0.52359,-0.065679
0.5238,-0.065657
0.524,-0.065635
0.5242,-0.065613
0.52441,-0.065591
0.52461,-0.065569
0.52481,-0.065547
0.52502,-0.065524
0.52522,-0.065502
0.52542,-0.06548
0.52563,-0.065458
0.52583,-0.065435
0.52603,-0.065413
0.52624,-0.065391
0.52644,-0.065369
0.52665,-0.065346
0.52685,-0.065324
0.52705,-0.065302
0.52726,-0.065279
0.52746,-0.065257
0.52766,-0.065234
0.52787,-0.065212
0.52807,-0.065189
0.52827,-0.065167
0.52847,-0.065144
0.52868,-0.065122
0.52888,-0.065099
0.52908,-0.065077
0.52929,-0.065054
0.52949,-0.065032
0.52969,-0.065009
0.5299,-0.064986
0.5301,-0.064964
0.5303,-0.064941
0.53051,-0.064918
0.53071,-0.064896
0.53091,-0.064873
0.53112,-0.06485
0.53132,-0.064828
0.53152,-0.064805
0.53173,-0.064782
0.53193,-0.064759
0.53213,-0.064736
0.53234,-0.064713
0.53254,-0.064691
0.53274,-0.064668
0.53295,-0.064645
0.53315,-0.064622
0.53335,-0.064599
0.53356,-0.064576
0.53376,-0.064553
0.53396,-0.06453
0.53417,-0.064507
0.53437,-0.064484
0.53457,-0.064461
0.53478,-0.064438
0.53498,-0.064415
0.53518,-0.064392
0.53539,-0.064369
0.53559,-0.064345
0.53579,-0.064322
0.536,-0.064299
0.5362,-0.064276
0.5364,-0.064253
0.53661,-0.064229
0.53681,-0.064206
0.53701,-0.064183
0.53722,-0.06416
0.53742,-0.064136
0.53762,-0.064113
0.53783,-0.06409
0.53803,-0.064066
0.53823,-0.064043
0.53843,-0.06402
0.53864,-0.063996
0.53884,-0.063973
0.53904,-0.063949
0.53925,-0.063926
0.53945,-0.063902
0.53965,-0.063879
0.53986,-0.063855
0.54006,-0.063832
0.54026,-0.063808
0.54047,-0.063785
0.54067,-0.063761
0.54087,-0.063738
0.54108,-0.063714
0.54128,-0.06369
0.54148,-0.063667
0.54169,-0.063643
0.54189,-0.063619
0.54209,-0.063596
0.5423,-0.063572
0.5425,-0.063548
0.5427,-0.063524
0.5429,-0.063501
0.54311,-0.063477
0.54331,-0.063453
0.54351,-0.063429
0.54372,-0.063405
0.54392,-0.063382
0.54412,-0.063358
0.54433,-0.063334
0.54453,-0.06331
0.54473,-0.063286
0.54494,-0.063262
0.54514,-0.063238
0.54534,-0.063214
0.54555,-0.06319
0.54575,-0.063166
0.54595,-0.063142
0.54616,-0.063118
0.54636,-0.063094
0.54656,-0.06307
0.54676,-0.063046
0.54697,-0.063022
0.54717,-0.062998
0.54737,-0.062974
0.54758,-0.062949
0.54778,-0.062925
0.54798,-0.062901
0.54819,-0.062877
0.54839,-0.062853
0.54859,-0.062828
0.5488,-0.062804
0.549,-0.06278
0.5492,-0.062756
0.54941,-0.062731
0.54961,-0.062707
0.54981,-0.062683
0.55001,-0.062658
0.55022,-0.062634
0.55042,-0.06261
0.55062,-0.062585
0.55083,-0.062561
0.55103,-0.062536
0.55123,-0.062512
0.55144,-0.062487
0.55164,-0.062463
0.55184,-0.062438
0.55205,-0.062414
0.55225,-0.062389
0.55245,-0.062365
0.55265,-0.06234
0.55286,-0.062316
0.55306,-0.062291
0.55326,-0.062266
0.55347,-0.062242
0.55367,-0.062217
0.55387,-0.062193
0.55408,-0.062168
0.55428,-0.062143
0.55448,-0.062119
0.55469,-0.062094
0.55489,-0.062069
0.55509,-0.062044
0.55529,-0.06202
0.5555,-0.061995
0.5557,-0.06197
0.5559,-0.061945
0.55611,-0.06192
0.55631,-0.061895
0.55651,-0.061871
0.55672,-0.061846
0.55692,-0.061821
0.55712,-0.061796
0.55732,-0.061771
0.55753,-0.061746
0.55773,-0.061721
0.55793,-0.061696
0.55814,-0.061671
0.55834,-0.061646
0.55854,-0.061621
0.55875,-0.061596
0.55895,-0.061571
0.55915,-0.061546
0.55935,-0.061521
0.55956,-0.061496
0.55976,-0.061471
0.55996,-0.061446
0.56017,-0.06142
0.56037,-0.061395
0.56057,-0.06137
0.56078,-0.061345
0.56098,-0.06132
0.56118,-0.061295
0.56138,-0.061269
0.56159,-0.061244
0.56179,-0.061219
0.56199,-0.061194
0.5622,-0.061168
0.5624,-0.061143
0.5626,-0.061118
0.56281,-0.061092
0.56301,-0.061067
0.56321,-0.061042
0.56341,-0.061016
0.56362,-0.060991
0.56382,-0.060965
0.56402,-0.06094
0.56423,-0.060914
0.56443,-0.060889
0.56463,-0.060863
0.56484,-0.060838
0.56504,-0.060812
0.56524,-0.060787
0.56544,-0.060761
0.56565,-0.060736
0.56585,-0.06071
0.56605,-0.060685
0.56626,-0.060659
0.56646,-0.060634
0.56666,-0.060608
0.56687,-0.060582
0.56707,-0.060557
0.56727,-0.060531
0.56747,-0.060505
0.56768,-0.060479
0.56788,-0.060454
0.56808,-0.060428
0.56829,-0.060402
0.56849,-0.060377
0.56869,-0.060351
0.56889,-0.060325
0.5691,-0.060299
0.5693,-0.060273
0.5695,-0.060247
0.56971,-0.060222
0.56991,-0.060196
0.57011,-0.06017
0.57031,-0.060144
0.57052,-0.060118
0.57072,-0.060092
0.57092,-0.060066
0.57113,-0.06004
0.57133,-0.060014
0.57153,-0.059988
0.57174,-0.059962
0.57194,-0.059936
0.57214,-0.05991
0.57234,-0.059884
0.57255,-0.059858
0.57275,-0.059832
0.57295,-0.059806
0.57316,-0.05978
0.57336,-0.059754
0.57356,-0.059728
0.57376,-0.059701
0.57397,-0.059675
0.57417,-0.059649
0.57437,-0.059623
0.57458,-0.059597
0.57478,-0.05957
0.57498,-0.059544
0.57518,-0.059518
0.57539,-0.059492
0.57559,-0.059465
0.57579,-0.059439
0.576,-0.059413
0.5762,-0.059387
0.5764,-0.05936
0.5766,-0.059334
0.57681,-0.059307
0.57701,-0.059281
0.57721,-0.059255
0.57742,-0.059228
0.57762,-0.059202
0.57782,-0.059175
0.57802,-0.059149
0.57823,-0.059123
0.57843,-0.059096
0.57863,-0.05907
0.57884,-0.059043
0.57904,-0.059017
0.57924,-0.05899
0.57944,-0.058963
0.57965,-0.058937
0.57985,-0.05891
0.58005,-0.058884
0.58026,-0.058857
0.58046,-0.05883
0.58066,-0.058804
0.58086,-0.058777
0.58107,-0.058751
0.58127,-0.058724
0.58147,-0.058697
0.58167,-0.05867
0.58188,-0.058644
0.58208,-0.058617
0.58228,-0.05859
0.58249,-0.058563
0.58269,-0.058537
0.58289,-0.05851
0.58309,-0.058483
0.5833,-0.058456
0.5835,-0.058429
0.5837,-0.058403
0.58391,-0.058376
0.58411,-0.058349
0.58431,-0.058322
0.58451,-0.058295
0.58472,-0.058268
0.58492,-0.058241
0.58512,-0.058214
0.58532,-0.058187
0.58553,-0.05816
0.58573,-0.058133
0.58593,-0.058106
0.58614,-0.058079
0.58634,-0.058052
0.58654,-0.058025
0.58674,-0.057998
0.58695,-0.057971
0.58715,-0.057944
0.58735,-0.057917
0.58756,-0.05789
0.58776,-0.057863
0.58796,-0.057836
0.58816,-0.057809
0.58837,-0.057781
0.58857,-0.057754
0.58877,-0.057727
0.58897,-0.0577
0.58918,-0.057673
0.58938,-0.057645
0.58958,-0.057618
0.58979,-0.057591
0.58999,-0.057564
0.59019,-0.057536
0.59039,-0.057509
0.5906,-0.057482
0.5908,-0.057454
0.591,-0.057427
0.5912,-0.0574
0.59141,-0.057372
0.59161,-0.057345
0.59181,-0.057318
0.59202,-0.05729
0.59222,-0.057263
0.59242,-0.057235
0.59262,-0.057208
0.59283,-0.05718
0.59303,-0.057153
0.59323,-0.057125
0.59343,-0.057098
0.59364,-0.05707
0.59384,-0.057043
0.59404,-0.057015
0.59424,-0.056988
0.59445,-0.05696
0.59465,-0.056933
0.59485,-0.056905
0.59506,-0.056877
0.59526,-0.05685
0.59546,-0.056822
0.59566,-0.056795
0.59587,-0.056767
0.59607,-0.056739
0.59627,-0.056712
0.59647,-0.056684
0.59668,-0.056656
0.59688,-0.056628
0.59708,-0.056601
0.59729,-0.056573
0.59749,-0.056545
0.59769,-0.056517
0.59789,-0.05649
0.5981,-0.056462
0.5983,-0.056434
0.5985,-0.056406
0.5987,-0.056378
0.59891,-0.056351
0.59911,-0.056323
0.59931,-0.056295
0.59951,-0.056267
0.59972,-0.056239
0.59992,-0.056211
0.60012,-0.056183
0.60032,-0.056155
0.60053,-0.056127
0.60073,-0.056099
0.60093,-0.056071
0.60114,-0.056043
0.60134,-0.056015
0.60154,-0.055987
0.60174,-0.055959
0.60195,-0.055931
0.60215,-0.055903
0.60235,-0.055875
0.60255,-0.055847
0.60276,-0.055819
0.60296,-0.055791
0.60316,-0.055763
0.60336,-0.055735
0.60357,-0.055706
0.60377,-0.055678
0.60397,-0.05565
0.60417,-0.055622
0.60438,-0.055594
0.60458,-0.055566
0.60478,-0.055537
0.60498,-0.055509
0.60519,-0.055481
0.60539,-0.055453
0.60559,-0.055424
0.6058,-0.055396
0.606,-0.055368
0.6062,-0.055339
0.6064,-0.055311
0.60661,-0.055283
0.60681,-0.055254
0.60701,-0.055226
0.60721,-0.055198
0.60742,-0.055169
0.60762,-0.055141
0.60782,-0.055113
0.60802,-0.055084
0.60823,-0.055056
0.60843,-0.055027
0.60863,-0.054999
0.60883,-0.05497
0.60904,-0.054942
0.60924,-0.054913
0.60944,-0.054885
0.60964,-0.054856
0.60985,-0.054828
0.61005,-0.054799
0.61025,-0.054771
0.61045,-0.054742
0.61066,-0.054714
0.61086,-0.054685
0.61106,-0.054656
0.61126,-0.054628
0.61147,-0.054599
0.61167,-0.054571
0.61187,-0.054542
0.61207,-0.054513
0.61228,-0.054485
0.61248,-0.054456
0.61268,-0.054427
0.61289,-0.054399
0.61309,-0.05437
0.61329,-0.054341
0.61349,-0.054312
0.6137,-0.054284
0.6139,-0.054255
0.6141,-0.054226
0.6143,-0.054197
0.61451,-0.054168
0.61471,-0.05414
0.61491,-0.054111
0.61511,-0.054082
0.61532,-0.054053
0.61552,-0.054024
0.61572,-0.053995
0.61592,-0.053967
0.61613,-0.053938
0.61633,-0.053909
0.61653,-0.05388
0.61673,-0.053851
0.61694,-0.053822
0.61714,-0.053793
0.61734,-0.053764
0.61754,-0.053735
0.61775,-0.053706
0.61795,-0.053677
0.61815,-0.053648
0.61835,-0.053619
0.61856,-0.05359
0.61876,-0.053561
0.61896,-0.053532
0.61916,-0.053503
0.61937,-0.053474
0.61957,-0.053445
0.61977,-0.053416
0.61997,-0.053386
0.62018,-0.053357
0.62038,-0.053328
0.62058,-0.053299
0.62078,-0.05327
0.62098,-0.053241
0.62119,-0.053212
0.62139,-0.053182
0.62159,-0.053153
0.62179,-0.053124
0.622,-0.053095
0.6222,-0.053066
0.6224,-0.053036
0.6226,-0.053007
0.62281,-0.052978
0.62301,-0.052949
0.62321,-0.052919
0.62341,-0.05289
0.62362,-0.052861
0.62382,-0.052831
0.62402,-0.052802
0.62422,-0.052773
0.62443,-0.052743
0.62463,-0.052714
0.62483,-0.052685
0.62503,-0.052655
0.62524,-0.052626
0.62544,-0.052596
0.62564,-0.052567
0.62584,-0.052537
0.62605,-0.052508
0.62625,-0.052479
0.62645,-0.052449
0.62665,-0.05242
0.62686,-0.05239
0.62706,-0.052361
0.62726,-0.052331
0.62746,-0.052302
0.62767,-0.052272
0.62787,-0.052243
0.62807,-0.052213
0.62827,-0.052183
0.62848,-0.052154
0.62868,-0.052124
0.62888,-0.052095
0.62908,-0.052065
0.62928,-0.052035
0.62949,-0.052006
0.62969,-0.051976
0.62989,-0.051947
0.63009,-0.051917
0.6303,-0.051887
0.6305,-0.051858
0.6307,-0.051828
0.6309,-0.051798
0.63111,-0.051768
0.63131,-0.051739
0.63151,-0.051709
0.63171,-0.051679
0.63192,-0.05165
0.63212,-0.05162
0.63232,-0.05159
0.63252,-0.05156
0.63273,-0.05153
0.63293,-0.051501
0.63313,-0.051471
0.63333,-0.051441
0.63353,-0.051411
0.63374,-0.051381
0.63394,-0.051351
0.63414,-0.051322
0.63434,-0.051292
0.63455,-0.051262
0.63475,-0.051232
0.63495,-0.051202
0.63515,-0.051172
0.63536,-0.051142
0.63556,-0.051112
0.63576,-0.051082
0.63596,-0.051052
0.63617,-0.051022
0.63637,-0.050992
0.63657,-0.050962
0.63677,-0.050932
0.63697,-0.050902
0.63718,-0.050872
0.63738,-0.050842
0.63758,-0.050812
0.63778,-0.050782
0.63799,-0.050752
0.63819,-0.050722
0.63839,-0.050692
0.63859,-0.050662
0.6388,-0.050632
0.639,-0.050602
0.6392,-0.050572
0.6394,-0.050542
0.6396,-0.050511
0.63981,-0.050481
0.64001,-0.050451
0.64021,-0.050421
0.64041,-0.050391
0.64062,-0.050361
0.64082,-0.05033
0.64102,-0.0503
0.64122,-0.05027
0.64143,-0.05024
0.64163,-0.05021
0.64183,-0.050179
0.64203,-0.050149
0.64223,-0.050119
0.64244,-0.050089
0.64264,-0.050058
0.64284,-0.050028
0.64304,-0.049998
0.64325,-0.049967
0.64345,-0.049937
0.64365,-0.049907
0.64385,-0.049876
0.64406,-0.049846
0.64426,-0.049816
0.64446,-0.049785
0.64466,-0.049755
0.64486,-0.049725
0.64507,-0.049694
0.64527,-0.049664
0.64547,-0.049633
0.64567,-0.049603
0.64588,-0.049573
0.64608,-0.049542
0.64628,-0.049512
0.64648,-0.049481
0.64669,-0.049451
0.64689,-0.04942
0.64709,-0.04939
0.64729,-0.049359
0.64749,-0.049329
0.6477,-0.049298
0.6479,-0.049268
0.6481,-0.049237
0.6483,-0.049207
0.64851,-0.049176
0.64871,-0.049145
0.64891,-0.049115
0.64911,-0.049084
0.64931,-0.049054
0.64952,-0.049023
0.64972,-0.048993
0.64992,-0.048962
0.65012,-0.048931
0.65033,-0.048901
0.65053,-0.04887
0.65073,-0.048839
0.65093,-0.048809
0.65113,-0.048778
0.65134,-0.048747
0.65154,-0.048717
0.65174,-0.048686
0.65194,-0.048655
0.65215,-0.048625
0.65235,-0.048594
0.65255,-0.048563
0.65275,-0.048532
0.65295,-0.048502
0.65316,-0.048471
0.65336,-0.04844
0.65356,-0.048409
0.65376,-0.048378
0.65397,-0.048348
0.65417,-0.048317
0.65437,-0.048286
0.65457,-0.048255
0.65477,-0.048224
0.65498,-0.048194
0.65518,-0.048163
0.65538,-0.048132
0.65558,-0.048101
0.65579,-0.04807
0.65599,-0.048039
0.65619,-0.048008
0.65639,-0.047977
0.65659,-0.047947
0.6568,-0.047916
0.657,-0.047885
0.6572,-0.047854
0.6574,-0.047823
0.65761,-0.047792
0.65781,-0.047761
0.65801,-0.04773
0.65821,-0.047699
0.65841,-0.047668
0.65862,-0.047637
0.65882,-0.047606
0.65902,-0.047575
0.65922,-0.047544
0.65943,-0.047513
0.65963,-0.047482
0.65983,-0.047451
0.66003,-0.04742
0.66023,-0.047389
0.66044,-0.047358
0.66064,-0.047327
0.66084,-0.047296
0.66104,-0.047264
0.66125,-0.047233
0.66145,-0.047202
0.66165,-0.047171
0.66185,-0.04714
0.66205,-0.047109
0.66226,-0.047078
0.66246,-0.047047
0.66266,-0.047015
0.66286,-0.046984
0.66306,-0.046953
0.66327,-0.046922
0.66347,-0.046891
0.66367,-0.046859
0.66387,-0.046828
0.66408,-0.046797
0.66428,-0.046766
0.66448,-0.046735
0.66468,-0.046703
0.66488,-0.046672
0.66509,-0.046641
0.66529,-0.04661
0.66549,-0.046578
0.66569,-0.046547
0.66589,-0.046516
0.6661,-0.046484
0.6663,-0.046453
0.6665,-0.046422
0.6667,-0.04639
0.66691,-0.046359
0.66711,-0.046328
0.66731,-0.046296
0.66751,-0.046265
0.66771,-0.046234
0.66792,-0.046202
0.66812,-0.046171
0.66832,-0.04614
0.66852,-0.046108
0.66873,-0.046077
0.66893,-0.046045
0.66913,-0.046014
0.66933,-0.045982
0.66953,-0.045951
0.66974,-0.04592
0.66994,-0.045888
0.67014,-0.045857
0.67034,-0.045825
0.67054,-0.045794
0.67075,-0.045762
0.67095,-0.045731
0.67115,-0.045699
0.67135,-0.045668
0.67155,-0.045636
0.67176,-0.045605
0.67196,-0.045573
0.67216,-0.045542
0.67236,-0.04551
0.67257,-0.045479
0.67277,-0.045447
0.67297,-0.045416
0.67317,-0.045384
0.67337,-0.045352
0.67358,-0.045321
0.67378,-0.045289
0.67398,-0.045258
0.67418,-0.045226
0.67438,-0.045194
0.67459,-0.045163
0.67479,-0.045131
0.67499,-0.045099
0.67519,-0.045068
0.67539,-0.045036
0.6756,-0.045005
0.6758,-0.044973
0.676,-0.044941
0.6762,-0.04491
0.67641,-0.044878
0.67661,-0.044846
0.67681,-0.044814
0.67701,-0.044783
0.67721,-0.044751
0.67742,-0.044719
0.67762,-0.044688
0.67782,-0.044656
0.67802,-0.044624
0.67822,-0.044592
0.67843,-0.044561
0.67863,-0.044529
0.67883,-0.044497
0.67903,-0.044465
0.67923,-0.044433
0.67944,-0.044402
0.67964,-0.04437
0.67984,-0.044338
0.68004,-0.044306
0.68024,-0.044274
0.68045,-0.044243
0.68065,-0.044211
0.68085,-0.044179
0.68105,-0.044147
0.68125,-0.044115
0.68146,-0.044083
0.68166,-0.044051
0.68186,-0.044019
0.68206,-0.043988
0.68227,-0.043956
0.68247,-0.043924
0.68267,-0.043892
0.68287,-0.04386
0.68307,-0.043828
0.68328,-0.043796
0.68348,-0.043764
0.68368,-0.043732
0.68388,-0.0437
0.68408,-0.043668
0.68429,-0.043636
0.68449,-0.043604
0.68469,-0.043572
0.68489,-0.04354
0.68509,-0.043508
0.6853,-0.043476
0.6855,-0.043444
0.6857,-0.043412
0.6859,-0.04338
0.6861,-0.043348
0.68631,-0.043316
0.68651,-0.043284
0.68671,-0.043252
0.68691,-0.04322
0.68711,-0.043188
0.68732,-0.043156
0.68752,-0.043124
0.68772,-0.043092
0.68792,-0.04306
0.68812,-0.043028
0.68833,-0.042996
0.68853,-0.042964
0.68873,-0.042931
0.68893,-0.042899
0.68913,-0.042867
0.68934,-0.042835
0.68954,-0.042803
0.68974,-0.042771
0.68994,-0.042739
0.69014,-0.042707
0.69035,-0.042674
0.69055,-0.042642
0.69075,-0.04261
0.69095,-0.042578
0.69115,-0.042546
0.69136,-0.042513
0.69156,-0.042481
0.69176,-0.042449
0.69196,-0.042417
0.69216,-0.042385
0.69237,-0.042352
0.69257,-0.04232
0.69277,-0.042288
0.69297,-0.042256
0.69317,-0.042223
0.69338,-0.042191
0.69358,-0.042159
0.69378,-0.042127
0.69398,-0.042094
0.69418,-0.042062
0.69439,-0.04203
0.69459,-0.041998
0.69479,-0.041965
0.69499,-0.041933
0.69519,-0.041901
0.6954,-0.041868
0.6956,-0.041836
0.6958,-0.041804
0.696,-0.041771
0.6962,-0.041739
0.69641,-0.041707
0.69661,-0.041674
0.69681,-0.041642
0.69701,-0.04161
0.69721,-0.041577
0.69742,-0.041545
0.69762,-0.041512
0.69782,-0.04148
0.69802,-0.041448
0.69822,-0.041415
0.69843,-0.041383
0.69863,-0.04135
0.69883,-0.041318
0.69903,-0.041286
0.69923,-0.041253
0.69944,-0.041221
0.69964,-0.041188
0.69984,-0.041156
0.70004,-0.041123
0.70024,-0.041091
0.70045,-0.041058
0.70065,-0.041026
0.70085,-0.040993
0.70105,-0.040961
0.70125,-0.040928
0.70146,-0.040896
0.70166,-0.040863
0.70186,-0.040831
0.70206,-0.040798
0.70226,-0.040766
0.70246,-0.040733
0.70267,-0.040701
0.70287,-0.040668
0.70307,-0.040636
0.70327,-0.040603
0.70347,-0.040571
0.70368,-0.040538
0.70388,-0.040506
0.70408,-0.040473
0.70428,-0.040441
0.70448,-0.040408
0.70469,-0.040375
0.70489,-0.040343
0.70509,-0.04031
0.70529,-0.040278
0.70549,-0.040245
0.7057,-0.040212
0.7059,-0.04018
0.7061,-0.040147
0.7063,-0.040115
0.7065,-0.040082
0.70671,-0.040049
0.70691,-0.040017
0.70711,-0.039984
0.70731,-0.039951
0.70751,-0.039919
0.70772,-0.039886
0.70792,-0.039853
0.70812,-0.039821
0.70832,-0.039788
0.70852,-0.039755
0.70873,-0.039723
0.70893,-0.03969
0.70913,-0.039657
0.70933,-0.039625
0.70953,-0.039592
0.70973,-0.039559
0.70994,-0.039526
0.71014,-0.039494
0.71034,-0.039461
0.71054,-0.039428
0.71074,-0.039395
0.71095,-0.039363
0.71115,-0.03933
0.71135,-0.039297
0.71155,-0.039265
0.71175,-0.039232
0.71196,-0.039199
0.71216,-0.039166
0.71236,-0.039133
0.71256,-0.039101
0.71276,-0.039068
0.71297,-0.039035
0.71317,-0.039002
0.71337,-0.03897
0.71357,-0.038937
0.71377,-0.038904
0.71397,-0.038871
0.71418,-0.038838
0.71438,-0.038805
0.71458,-0.038773
0.71478,-0.03874
0.71498,-0.038707
0.71519,-0.038674
0.71539,-0.038641
0.71559,-0.038608
0.71579,-0.038576
0.71599,-0.038543
0.7162,-0.03851
0.7164,-0.038477
0.7166,-0.038444
0.7168,-0.038411
0.717,-0.038378
0.71721,-0.038346
0.71741,-0.038313
0.71761,-0.03828
0.71781,-0.038247
0.71801,-0.038214
0.71821,-0.038181
0.71842,-0.038148
0.71862,-0.038115
0.71882,-0.038082
0.71902,-0.038049
0.71922,-0.038017
0.71943,-0.037984
0.71963,-0.037951
0.71983,-0.037918
0.72003,-0.037885
0.72023,-0.037852
0.72044,-0.037819
0.72064,-0.037786
0.72084,-0.037753
0.72104,-0.03772
0.72124,-0.037687
0.72144,-0.037654
0.72165,-0.037621
0.72185,-0.037588
0.72205,-0.037555
0.72225,-0.037522
0.72245,-0.037489
0.72266,-0.037456
0.72286,-0.037423
0.72306,-0.03739
0.72326,-0.037357
0.72346,-0.037324
0.72367,-0.037291
0.72387,-0.037258
0.72407,-0.037225
0.72427,-0.037192
0.72447,-0.037159
0.72467,-0.037126
0.72488,-0.037093
0.72508,-0.03706
0.72528,-0.037027
0.72548,-0.036994
0.72568,-0.036961
0.72589,-0.036928
0.72609,-0.036895
0.72629,-0.036862
0.72649,-0.036829
0.72669,-0.036796
0.7269,-0.036763
0.7271,-0.03673
0.7273,-0.036697
0.7275,-0.036663
0.7277,-0.03663
0.7279,-0.036597
0.72811,-0.036564
0.72831,-0.036531
0.72851,-0.036498
0.72871,-0.036465
0.72891,-0.036432
0.72912,-0.036399
0.72932,-0.036366
0.72952,-0.036333
0.72972,-0.036299
0.72992,-0.036266
0.73013,-0.036233
0.73033,-0.0362
0.73053,-0.036167
0.73073,-0.036134
0.73093,-0.036101
0.73113,-0.036068
0.73134,-0.036034
0.73154,-0.036001
0.73174,-0.035968
0.73194,-0.035935
0.73214,-0.035902
0.73235,-0.035869
0.73255,-0.035836
0.73275,-0.035802
0.73295,-0.035769
0.73315,-0.035736
0.73335,-0.035703
0.73356,-0.03567
0.73376,-0.035637
0.73396,-0.035603
0.73416,-0.03557
0.73436,-0.035537
0.73457,-0.035504
0.73477,-0.035471
0.73497,-0.035438
0.73517,-0.035404
0.73537,-0.035371
0.73558,-0.035338
0.73578,-0.035305
0.73598,-0.035272
0.73618,-0.035238
0.73638,-0.035205
0.73658,-0.035172
0.73679,-0.035139
0.73699,-0.035106
0.73719,-0.035072
0.73739,-0.035039
0.73759,-0.035006
0.7378,-0.034973
0.738,-0.034939
0.7382,-0.034906
0.7384,-0.034873
0.7386,-0.03484
0.7388,-0.034807
0.73901,-0.034773
0.73921,-0.03474
0.73941,-0.034707
0.73961,-0.034674
0.73981,-0.03464
0.74002,-0.034607
0.74022,-0.034574
0.74042,-0.034541
0.74062,-0.034507
0.74082,-0.034474
0.74102,-0.034441
0.74123,-0.034408
0.74143,-0.034374
0.74163,-0.034341
0.74183,-0.034308
0.74203,-0.034275
0.74224,-0.034241
0.74244,-0.034208
0.74264,-0.034175
0.74284,-0.034141
0.74304,-0.034108
0.74324,-0.034075
0.74345,-0.034042
0.74365,-0.034008
0.74385,-0.033975
0.74405,-0.033942
0.74425,-0.033908
0.74446,-0.033875
0.74466,-0.033842
0.74486,-0.033809
0.74506,-0.033775
0.74526,-0.033742
0.74546,-0.033709
0.74567,-0.033675
0.74587,-0.033642
0.74607,-0.033609
0.74627,-0.033575
0.74647,-0.033542
0.74668,-0.033509
0.74688,-0.033476
0.74708,-0.033442
0.74728,-0.033409
0.74748,-0.033376
0.74769,-0.033342
0.74789,-0.033309
0.74809,-0.033276
0.74829,-0.033242
0.74849,-0.033209
0.74869,-0.033176
0.7489,-0.033142
0.7491,-0.033109
0.7493,-0.033076
0.7495,-0.033042
0.7497,-0.033009
0.74991,-0.032976
0.75011,-0.032942
0.75031,-0.032909
0.75051,-0.032876
0.75071,-0.032842
0.75091,-0.032809
0.75112,-0.032776
0.75132,-0.032742
0.75152,-0.032709
0.75172,-0.032676
0.75192,-0.032642
0.75213,-0.032609
0.75233,-0.032576
0.75253,-0.032542
0.75273,-0.032509
0.75293,-0.032476
0.75313,-0.032442
0.75334,-0.032409
0.75354,-0.032375
0.75374,-0.032342
0.75394,-0.032309
0.75414,-0.032275
0.75435,-0.032242
0.75455,-0.032209
0.75475,-0.032175
0.75495,-0.032142
0.75515,-0.032109
0.75535,-0.032075
0.75556,-0.032042
0.75576,-0.032008
0.75596,-0.031975
0.75616,-0.031942
0.75636,-0.031908
0.75657,-0.031875
0.75677,-0.031842
0.75697,-0.031808
0.75717,-0.031775
0.75737,-0.031742
0.75757,-0.031708
0.75778,-0.031675
0.75798,-0.031641
0.75818,-0.031608
0.75838,-0.031575
0.75858,-0.031541
0.75879,-0.031508
0.75899,-0.031475
0.75919,-0.031441
0.75939,-0.031408
0.75959,-0.031374
0.75979,-0.031341
0.76,-0.031308
0.7602,-0.031274
0.7604,-0.031241
0.7606,-0.031208
0.7608,-0.031174
0.761,-0.031141
0.76121,-0.031107
0.76141,-0.031074
0.76161,-0.031041
0.76181,-0.031007
0.76201,-0.030974
0.76222,-0.030941
0.76242,-0.030907
0.76262,-0.030874
0.76282,-0.03084
0.76302,-0.030807
0.76322,-0.030774
0.76343,-0.03074
0.76363,-0.030707
0.76383,-0.030674
0.76403,-0.03064
0.76423,-0.030607
0.76444,-0.030573
0.76464,-0.03054
0.76484,-0.030507
0.76504,-0.030473
0.76524,-0.03044
0.76544,-0.030407
0.76565,-0.030373
0.76585,-0.03034
0.76605,-0.030307
0.76625,-0.030273
0.76645,-0.03024
0.76666,-0.030206
0.76686,-0.030173
0.76706,-0.03014
0.76726,-0.030106
0.76746,-0.030073
0.76766,-0.03004
0.76787,-0.030006
0.76807,-0.029973
0.76827,-0.02994
0.76847,-0.029906
0.76867,-0.029873
0.76888,-0.029839
0.76908,-0.029806
0.76928,-0.029773
0.76948,-0.029739
0.76968,-0.029706
0.76988,-0.029673
0.77009,-0.029639
0.77029,-0.029606
0.77049,-0.029573
0.77069,-0.029539
0.77089,-0.029506
0.7711,-0.029473
0.7713,-0.029439
0.7715,-0.029406
0.7717,-0.029372
0.7719,-0.029339
0.7721,-0.029306
0.77231,-0.029272
0.77251,-0.029239
0.77271,-0.029206
0.77291,-0.029172
0.77311,-0.029139
0.77332,-0.029106
0.77352,-0.029072
0.77372,-0.029039
0.77392,-0.029006
0.77412,-0.028972
0.77432,-0.028939
0.77453,-0.028906
0.77473,-0.028872
0.77493,-0.028839
0.77513,-0.028806
0.77533,-0.028772
0.77554,-0.028739
0.77574,-0.028706
0.77594,-0.028673
0.77614,-0.028639
0.77634,-0.028606
0.77654,-0.028573
0.77675,-0.028539
0.77695,-0.028506
0.77715,-0.028473
0.77735,-0.028439
0.77755,-0.028406
0.77776,-0.028373
0.77796,-0.028339
0.77816,-0.028306
0.77836,-0.028273
0.77856,-0.02824
0.77876,-0.028206
0.77897,-0.028173
0.77917,-0.02814
0.77937,-0.028106
0.77957,-0.028073
0.77977,-0.02804
0.77998,-0.028007
0.78018,-0.027973
0.78038,-0.02794
0.78058,-0.027907
0.78078,-0.027874
0.78099,-0.02784
0.78119,-0.027807
0.78139,-0.027774
0.78159,-0.02774
0.78179,-0.027707
0.78199,-0.027674
0.7822,-0.027641
0.7824,-0.027607
0.7826,-0.027574
0.7828,-0.027541
0.783,-0.027508
0.78321,-0.027474
0.78341,-0.027441
0.78361,-0.027408
0.78381,-0.027375
0.78401,-0.027342
0.78421,-0.027308
0.78442,-0.027275
0.78462,-0.027242
0.78482,-0.027209
0.78502,-0.027175
0.78522,-0.027142
0.78543,-0.027109
0.78563,-0.027076
0.78583,-0.027043
0.78603,-0.027009
0.78623,-0.026976
0.78643,-0.026943
0.78664,-0.02691
0.78684,-0.026877
0.78704,-0.026843
0.78724,-0.02681
0.78744,-0.026777
0.78765,-0.026744
0.78785,-0.026711
0.78805,-0.026678
0.78825,-0.026644
0.78845,-0.026611
0.78865,-0.026578
0.78886,-0.026545
0.78906,-0.026512
0.78926,-0.026479
0.78946,-0.026445
0.78966,-0.026412
0.78987,-0.026379
0.79007,-0.026346
0.79027,-0.026313
0.79047,-0.02628
0.79067,-0.026247
0.79088,-0.026213
0.79108,-0.02618
0.79128,-0.026147
0.79148,-0.026114
0.79168,-0.026081
0.79188,-0.026048
0.79209,-0.026015
0.79229,-0.025982
0.79249,-0.025949
0.79269,-0.025915
0.79289,-0.025882
0.7931,-0.025849
0.7933,-0.025816
0.7935,-0.025783
0.7937,-0.02575
0.7939,-0.025717
0.79411,-0.025684
0.79431,-0.025651
0.79451,-0.025618
0.79471,-0.025585
0.79491,-0.025552
0.79511,-0.025519
0.79532,-0.025486
0.79552,-0.025453
0.79572,-0.025419
0.79592,-0.025386
0.79612,-0.025353
0.79633,-0.02532
0.79653,-0.025287
0.79673,-0.025254
0.79693,-0.025221
0.79713,-0.025188
0.79733,-0.025155
0.79754,-0.025122
0.79774,-0.025089
0.79794,-0.025056
0.79814,-0.025023
0.79834,-0.02499
0.79855,-0.024957
0.79875,-0.024924
0.79895,-0.024891
0.79915,-0.024858
0.79935,-0.024825
0.79956,-0.024793
0.79976,-0.02476
0.79996,-0.024727
0.80016,-0.024694
0.80036,-0.024661
0.80057,-0.024628
0.80077,-0.024595
0.80097,-0.024562
0.80117,-0.024529
0.80137,-0.024496
0.80157,-0.024463
0.80178,-0.02443
0.80198,-0.024397
0.80218,-0.024364
0.80238,-0.024332
0.80258,-0.024299
0.80279,-0.024266
0.80299,-0.024233
0.80319,-0.0242
0.80339,-0.024167
0.80359,-0.024134
0.8038,-0.024101
0.804,-0.024069
0.8042,-0.024036
0.8044,-0.024003
0.8046,-0.02397
0.8048,-0.023937
0.80501,-0.023904
0.80521,-0.023872
0.80541,-0.023839
0.80561,-0.023806
0.80581,-0.023773
0.80602,-0.02374
0.80622,-0.023708
0.80642,-0.023675
0.80662,-0.023642
0.80682,-0.023609
0.80703,-0.023576
0.80723,-0.023544
0.80743,-0.023511
0.80763,-0.023478
0.80783,-0.023445
0.80804,-0.023413
0.80824,-0.02338
0.80844,-0.023347
0.80864,-0.023314
0.80884,-0.023282
0.80904,-0.023249
0.80925,-0.023216
0.80945,-0.023184
0.80965,-0.023151
0.80985,-0.023118
0.81005,-0.023085
0.81026,-0.023053
0.81046,-0.02302
0.81066,-0.022987
0.81086,-0.022955
0.81106,-0.022922
0.81127,-0.022889
0.81147,-0.022857
0.81167,-0.022824
0.81187,-0.022791
0.81207,-0.022759
0.81228,-0.022726
0.81248,-0.022694
0.81268,-0.022661
0.81288,-0.022628
0.81308,-0.022596
0.81329,-0.022563
0.81349,-0.022531
0.81369,-0.022498
0.81389,-0.022465
0.81409,-0.022433
0.8143,-0.0224
0.8145,-0.022368
0.8147,-0.022335
0.8149,-0.022303
0.8151,-0.02227
0.81531,-0.022238
0.81551,-0.022205
0.81571,-0.022172
0.81591,-0.02214
0.81611,-0.022107
0.81631,-0.022075
0.81652,-0.022042
0.81672,-0.02201
0.81692,-0.021977
0.81712,-0.021945
0.81732,-0.021913
0.81753,-0.02188
0.81773,-0.021848
0.81793,-0.021815
0.81813,-0.021783
0.81833,-0.02175
0.81854,-0.021718
0.81874,-0.021685
0.81894,-0.021653
0.81914,-0.021621
0.81934,-0.021588
0.81955,-0.021556
0.81975,-0.021523
0.81995,-0.021491
0.82015,-0.021459
0.82035,-0.021426
0.82056,-0.021394
0.82076,-0.021362
0.82096,-0.021329
0.82116,-0.021297
0.82136,-0.021265
0.82157,-0.021232
0.82177,-0.0212
0.82197,-0.021168
0.82217,-0.021135
0.82237,-0.021103
0.82258,-0.021071
0.82278,-0.021039
0.82298,-0.021006
0.82318,-0.020974
0.82338,-0.020942
0.82359,-0.02091
0.82379,-0.020877
0.82399,-0.020845
0.82419,-0.020813
0.82439,-0.020781
0.8246,-0.020748
0.8248,-0.020716
0.825,-0.020684
0.8252,-0.020652
0.8254,-0.02062
0.82561,-0.020587
0.82581,-0.020555
0.82601,-0.020523
0.82621,-0.020491
0.82641,-0.020459
0.82662,-0.020427
0.82682,-0.020395
0.82702,-0.020363
0.82722,-0.02033
0.82742,-0.020298
0.82763,-0.020266
0.82783,-0.020234
0.82803,-0.020202
0.82823,-0.02017
0.82843,-0.020138
0.82864,-0.020106
0.82884,-0.020074
0.82904,-0.020042
0.82924,-0.02001
0.82944,-0.019978
0.82965,-0.019946
0.82985,-0.019914
0.83005,-0.019882
0.83025,-0.01985
0.83045,-0.019818
0.83066,-0.019786
0.83086,-0.019754
0.83106,-0.019722
0.83126,-0.01969
0.83147,-0.019658
0.83167,-0.019626
0.83187,-0.019594
0.83207,-0.019562
0.83227,-0.01953
0.83248,-0.019499
0.83268,-0.019467
0.83288,-0.019435
0.83308,-0.019403
0.83328,-0.019371
0.83349,-0.019339
0.83369,-0.019307
0.83389,-0.019276
0.83409,-0.019244
0.83429,-0.019212
0.8345,-0.01918
0.8347,-0.019148
0.8349,-0.019117
0.8351,-0.019085
0.8353,-0.019053
0.83551,-0.019021
0.83571,-0.01899
0.83591,-0.018958
0.83611,-0.018926
0.83631,-0.018894
0.83652,-0.018863
0.83672,-0.018831
0.83692,-0.018799
0.83712,-0.018768
0.83732,-0.018736
0.83753,-0.018704
0.83773,-0.018673
0.83793,-0.018641
0.83813,-0.018609
0.83834,-0.018578
0.83854,-0.018546
0.83874,-0.018515
0.83894,-0.018483
0.83914,-0.018451
0.83935,-0.01842
0.83955,-0.018388
0.83975,-0.018357
0.83995,-0.018325
0.84015,-0.018294
0.84036,-0.018262
0.84056,-0.018231
0.84076,-0.018199
0.84096,-0.018168
0.84116,-0.018136
0.84137,-0.018105
0.84157,-0.018073
0.84177,-0.018042
0.84197,-0.01801
0.84218,-0.017979
0.84238,-0.017947
0.84258,-0.017916
0.84278,-0.017885
0.84298,-0.017853
0.84319,-0.017822
0.84339,-0.01779
0.84359,-0.017759
0.84379,-0.017728
0.84399,-0.017696
0.8442,-0.017665
0.8444,-0.017634
0.8446,-0.017602
0.8448,-0.017571
0.84501,-0.01754
0.84521,-0.017508
0.84541,-0.017477
0.84561,-0.017446
0.84581,-0.017415
0.84602,-0.017383
0.84622,-0.017352
0.84642,-0.017321
0.84662,-0.01729
0.84682,-0.017259
0.84703,-0.017227
0.84723,-0.017196
0.84743,-0.017165
0.84763,-0.017134
0.84784,-0.017103
0.84804,-0.017072
0.84824,-0.01704
0.84844,-0.017009
0.84864,-0.016978
0.84885,-0.016947
0.84905,-0.016916
0.84925,-0.016885
0.84945,-0.016854
0.84966,-0.016823
0.84986,-0.016792
0.85006,-0.016761
0.85026,-0.01673
0.85046,-0.016699
0.85067,-0.016668
0.85087,-0.016637
0.85107,-0.016606
0.85127,-0.016575
0.85147,-0.016544
0.85168,-0.016513
0.85188,-0.016482
0.85208,-0.016451
0.85228,-0.01642
0.85249,-0.016389
0.85269,-0.016359
0.85289,-0.016328
0.85309,-0.016297
0.85329,-0.016266
0.8535,-0.016235
0.8537,-0.016204
0.8539,-0.016173
0.8541,-0.016143
0.85431,-0.016112
0.85451,-0.016081
0.85471,-0.01605
0.85491,-0.01602
0.85511,-0.015989
0.85532,-0.015958
0.85552,-0.015927
0.85572,-0.015897
0.85592,-0.015866
0.85613,-0.015835
0.85633,-0.015805
0.85653,-0.015774
0.85673,-0.015743
0.85694,-0.015713
0.85714,-0.015682
0.85734,-0.015651
0.85754,-0.015621
0.85774,-0.01559
0.85795,-0.01556
0.85815,-0.015529
0.85835,-0.015499
0.85855,-0.015468
0.85876,-0.015437
0.85896,-0.015407
0.85916,-0.015376
0.85936,-0.015346
0.85956,-0.015315
0.85977,-0.015285
0.85997,-0.015255
0.86017,-0.015224
0.86037,-0.015194
0.86058,-0.015163
0.86078,-0.015133
0.86098,-0.015102
0.86118,-0.015072
0.86138,-0.015042
0.86159,-0.015011
0.86179,-0.014981
0.86199,-0.014951
0.86219,-0.01492
0.8624,-0.01489
0.8626,-0.01486
0.8628,-0.014829
0.863,-0.014799
0.86321,-0.014769
0.86341,-0.014739
0.86361,-0.014708
0.86381,-0.014678
0.86401,-0.014648
0.86422,-0.014618
0.86442,-0.014588
0.86462,-0.014557
0.86482,-0.014527
0.86503,-0.014497
0.86523,-0.014467
0.86543,-0.014437
0.86563,-0.014407
0.86584,-0.014377
0.86604,-0.014347
0.86624,-0.014317
0.86644,-0.014286
0.86665,-0.014256
0.86685,-0.014226
0.86705,-0.014196
0.86725,-0.014166
0.86745,-0.014136
0.86766,-0.014106
0.86786,-0.014076
0.86806,-0.014046
0.86826,-0.014017
0.86847,-0.013987
0.86867,-0.013957
0.86887,-0.013927
0.86907,-0.013897
0.86928,-0.013867
0.86948,-0.013837
0.86968,-0.013807
0.86988,-0.013777
0.87009,-0.013748
0.87029,-0.013718
0.87049,-0.013688
0.87069,-0.013658
0.87089,-0.013628
0.8711,-0.013599
0.8713,-0.013569
0.8715,-0.013539
0.8717,-0.01351
0.87191,-0.01348
0.87211,-0.01345
0.87231,-0.01342
0.87251,-0.013391
0.87272,-0.013361
0.87292,-0.013331
0.87312,-0.013302
0.87332,-0.013272
0.87353,-0.013243
0.87373,-0.013213
0.87393,-0.013184
0.87413,-0.013154
0.87434,-0.013124
0.87454,-0.013095
0.87474,-0.013065
0.87494,-0.013036
0.87515,-0.013006
0.87535,-0.012977
0.87555,-0.012947
0.87575,-0.012918
0.87595,-0.012889
0.87616,-0.012859
0.87636,-0.01283
0.87656,-0.0128
0.87676,-0.012771
0.87697,-0.012742
0.87717,-0.012712
0.87737,-0.012683
0.87757,-0.012654
0.87778,-0.012624
0.87798,-0.012595
0.87818,-0.012566
0.87838,-0.012537
0.87859,-0.012507
0.87879,-0.012478
0.87899,-0.012449
0.87919,-0.01242
0.8794,-0.01239
0.8796,-0.012361
0.8798,-0.012332
0.88,-0.012303
0.88021,-0.012274
0.88041,-0.012245
0.88061,-0.012216
0.88081,-0.012187
0.88102,-0.012157
0.88122,-0.012128
0.88142,-0.012099
0.88162,-0.01207
0.88183,-0.012041
0.88203,-0.012012
0.88223,-0.011983
0.88243,-0.011954
0.88264,-0.011925
0.88284,-0.011896
0.88304,-0.011867
0.88324,-0.011839
0.88345,-0.01181
0.88365,-0.011781
0.88385,-0.011752
0.88405,-0.011723
0.88426,-0.011694
0.88446,-0.011665
0.88466,-0.011637
0.88486,-0.011608
0.88507,-0.011579
0.88527,-0.01155
0.88547,-0.011521
0.88567,-0.011493
0.88588,-0.011464
0.88608,-0.011435
0.88628,-0.011407
0.88648,-0.011378
0.88669,-0.011349
0.88689,-0.011321
0.88709,-0.011292
0.88729,-0.011263
0.8875,-0.011235
0.8877,-0.011206
0.8879,-0.011178
0.8881,-0.011149
0.88831,-0.011121
0.88851,-0.011092
0.88871,-0.011063
0.88891,-0.011035
0.88912,-0.011007
0.88932,-0.010978
0.88952,-0.01095
0.88972,-0.010921
0.88993,-0.010893
0.89013,-0.010864
0.89033,-0.010836
0.89053,-0.010808
0.89074,-0.010779
0.89094,-0.010751
0.89114,-0.010723
0.89135,-0.010694
0.89155,-0.010666
0.89175,-0.010638
0.89195,-0.010609
0.89216,-0.010581
0.89236,-0.010553
0.89256,-0.010525
0.89276,-0.010497
0.89297,-0.010468
0.89317,-0.01044
0.89337,-0.010412
0.89357,-0.010384
0.89378,-0.010356
0.89398,-0.010328
0.89418,-0.0103
0.89438,-0.010272
0.89459,-0.010243
0.89479,-0.010215
0.89499,-0.010187
0.89519,-0.010159
0.8954,-0.010131
0.8956,-0.010103
0.8958,-0.010075
0.89601,-0.010048
0.89621,-0.01002
0.89641,-0.0099917
0.89661,-0.0099638
0.89682,-0.0099359
0.89702,-0.009908
0.89722,-0.0098802
0.89742,-0.0098524
0.89763,-0.0098246
0.89783,-0.0097968
0.89803,-0.009769
0.89823,-0.0097412
0.89844,-0.0097135
0.89864,-0.0096857
0.89884,-0.009658
0.89904,-0.0096303
0.89925,-0.0096026
0.89945,-0.009575
0.89965,-0.0095473
0.89986,-0.0095197
0.90006,-0.009492
0.90026,-0.0094644
0.90046,-0.0094369
0.90067,-0.0094093
0.90087,-0.0093817
0.90107,-0.0093542
0.90127,-0.0093267
0.90148,-0.0092992
0.90168,-0.0092717
0.90188,-0.0092442
0.90209,-0.0092168
0.90229,-0.0091894
0.90249,-0.009162
0.90269,-0.0091346
0.9029,-0.0091072
0.9031,-0.0090798
0.9033,-0.0090525
0.9035,-0.0090252
0.90371,-0.0089979
0.90391,-0.0089706
0.90411,-0.0089433
0.90432,-0.0089161
0.90452,-0.0088888
0.90472,-0.0088616
0.90492,-0.0088344
0.90513,-0.0088073
0.90533,-0.0087801
0.90553,-0.008753
0.90573,-0.0087259
0.90594,-0.0086988
0.90614,-0.0086717
0.90634,-0.0086446
0.90655,-0.0086176
0.90675,-0.0085905
0.90695,-0.0085635
0.90715,-0.0085366
0.90736,-0.0085096
0.90756,-0.0084827
0.90776,-0.0084558
0.90797,-0.0084289
0.90817,-0.008402
0.90837,-0.0083751
0.90857,-0.0083483
0.90878,-0.0083215
0.90898,-0.0082947
0.90918,-0.0082679
0.90938,-0.0082412
0.90959,-0.0082145
0.90979,-0.0081878
0.90999,-0.0081611
0.9102,-0.0081344
0.9104,-0.0081078
0.9106,-0.0080811
0.9108,-0.0080546
0.91101,-0.008028
0.91121,-0.0080014
0.91141,-0.0079749
0.91162,-0.0079484
0.91182,-0.0079219
0.91202,-0.0078954
0.91222,-0.007869
0.91243,-0.0078426
0.91263,-0.0078162
0.91283,-0.0077898
0.91304,-0.0077635
0.91324,-0.0077371
0.91344,-0.0077108
0.91364,-0.0076846
0.91385,-0.0076583
0.91405,-0.0076321
0.91425,-0.0076059
0.91446,-0.0075797
0.91466,-0.0075535
0.91486,-0.0075274
0.91506,-0.0075013
0.91527,-0.0074752
0.91547,-0.0074491
0.91567,-0.0074231
0.91588,-0.0073971
0.91608,-0.0073711
0.91628,-0.0073451
0.91648,-0.0073192
0.91669,-0.0072932
0.91689,-0.0072674
0.91709,-0.0072415
0.9173,-0.0072156
0.9175,-0.0071898
0.9177,-0.007164
0.9179,-0.0071383
0.91811,-0.0071125
0.91831,-0.0070868
0.91851,-0.0070611
0.91872,-0.0070355
0.91892,-0.0070098
0.91912,-0.0069842
0.91933,-0.0069586
0.91953,-0.0069331
0.91973,-0.0069076
0.91993,-0.0068821
0.92014,-0.0068566
0.92034,-0.0068311
0.92054,-0.0068057
0.92075,-0.0067803
0.92095,-0.006755
0.92115,-0.0067296
0.92135,-0.0067043
0.92156,-0.006679
0.92176,-0.0066538
0.92196,-0.0066285
0.92217,-0.0066033
0.92237,-0.0065782
0.92257,-0.006553
0.92278,-0.0065279
0.92298,-0.0065028
0.92318,-0.0064777
0.92338,-0.0064527
0.92359,-0.0064277
0.92379,-0.0064027
0.92399,-0.0063778
0.9242,-0.0063529
0.9244,-0.006328
0.9246,-0.0063031
0.92481,-0.0062783
0.92501,-0.0062535
0.92521,-0.0062287
0.92542,-0.0062039
0.92562,-0.0061792
0.92582,-0.0061545
0.92602,-0.0061299
0.92623,-0.0061053
0.92643,-0.0060807
0.92663,-0.0060561
0.92684,-0.0060316
0.92704,-0.006007
0.92724,-0.0059826
0.92745,-0.0059581
0.92765,-0.0059337
0.92785,-0.0059093
0.92806,-0.005885
0.92826,-0.0058607
0.92846,-0.0058364
0.92866,-0.0058121
0.92887,-0.0057879
0.92907,-0.0057637
0.92927,-0.0057395
0.92948,-0.0057154
0.92968,-0.0056913
0.92988,-0.0056672
0.93009,-0.0056432
0.93029,-0.0056191
0.93049,-0.0055952
0.9307,-0.0055712
0.9309,-0.0055473
0.9311,-0.0055234
0.93131,-0.0054996
0.93151,-0.0054758
0.93171,-0.005452
0.93191,-0.0054282
0.93212,-0.0054045
0.93232,-0.0053808
0.93252,-0.0053572
0.93273,-0.0053336
0.93293,-0.00531
0.93313,-0.0052864
0.93334,-0.0052629
0.93354,-0.0052394
0.93374,-0.005216
0.93395,-0.0051926
0.93415,-0.0051692
0.93435,-0.0051458
0.93456,-0.0051225
0.93476,-0.0050992
0.93496,-0.005076
0.93517,-0.0050528
0.93537,-0.0050296
0.93557,-0.0050065
0.93578,-0.0049834
0.93598,-0.0049603
0.93618,-0.0049373
0.93639,-0.0049143
0.93659,-0.0048913
0.93679,-0.0048684
0.937,-0.0048455
0.9372,-0.0048226
0.9374,-0.0047998
0.93761,-0.004777
0.93781,-0.0047542
0.93801,-0.0047315
0.93822,-0.0047088
0.93842,-0.0046862
0.93862,-0.0046636
0.93883,-0.004641
0.93903,-0.0046185
0.93923,-0.004596
0.93944,-0.0045735
0.93964,-0.0045511
0.93984,-0.0045287
0.94005,-0.0045064
0.94025,-0.004484
0.94045,-0.0044618
0.94066,-0.0044395
0.94086,-0.0044173
0.94106,-0.0043952
0.94127,-0.004373
0.94147,-0.0043509
0.94167,-0.0043289
0.94188,-0.0043069
0.94208,-0.0042849
0.94228,-0.004263
0.94249,-0.0042411
0.94269,-0.0042192
0.94289,-0.0041974
0.9431,-0.0041756
0.9433,-0.0041539
0.9435,-0.0041322
0.94371,-0.0041105
0.94391,-0.0040889
0.94411,-0.0040673
0.94432,-0.0040457
0.94452,-0.0040242
0.94472,-0.0040027
0.94493,-0.0039813
0.94513,-0.0039599
0.94533,-0.0039386
0.94554,-0.0039173
0.94574,-0.003896
0.94594,-0.0038748
0.94615,-0.0038536
0.94635,-0.0038324
0.94655,-0.0038113
0.94676,-0.0037902
0.94696,-0.0037692
0.94716,-0.0037482
0.94737,-0.0037273
0.94757,-0.0037064
0.94777,-0.0036855
0.94798,-0.0036647
0.94818,-0.0036439
0.94838,-0.0036231
0.94859,-0.0036024
0.94879,-0.0035818
0.949,-0.0035612
0.9492,-0.0035406
0.9494,-0.00352
0.94961,-0.0034995
0.94981,-0.0034791
0.95001,-0.0034587
0.95022,-0.0034383
0.95042,-0.003418
0.95062,-0.0033977
0.95083,-0.0033775
0.95103,-0.0033573
0.95123,-0.0033371
0.95144,-0.003317
0.95164,-0.0032969
0.95185,-0.0032769
0.95205,-0.0032569
0.95225,-0.003237
0.95246,-0.0032171
0.95266,-0.0031973
0.95286,-0.0031775
0.95307,-0.0031577
0.95327,-0.003138
0.95347,-0.0031183
0.95368,-0.0030987
0.95388,-0.0030791
0.95408,-0.0030595
0.95429,-0.00304
0.95449,-0.0030206
0.9547,-0.0030012
0.9549,-0.0029818
0.9551,-0.0029625
0.95531,-0.0029432
0.95551,-0.002924
0.95571,-0.0029048
0.95592,-0.0028857
0.95612,-0.0028666
0.95632,-0.0028476
0.95653,-0.0028286
0.95673,-0.0028096
0.95694,-0.0027907
0.95714,-0.0027718
0.95734,-0.002753
0.95755,-0.0027342
0.95775,-0.0027155
0.95795,-0.0026968
0.95816,-0.0026782
0.95836,-0.0026596
0.95857,-0.0026411
0.95877,-0.0026226
0.95897,-0.0026042
0.95918,-0.0025858
0.95938,-0.0025674
0.95958,-0.0025491
0.95979,-0.0025309
0.95999,-0.0025126
0.9602,-0.0024945
0.9604,-0.0024764
0.9606,-0.0024583
0.96081,-0.0024403
0.96101,-0.0024223
0.96121,-0.0024044
0.96142,-0.0023865
0.96162,-0.0023687
0.96183,-0.0023509
0.96203,-0.0023332
0.96223,-0.0023155
0.96244,-0.0022979
0.96264,-0.0022803
0.96284,-0.0022628
0.96305,-0.0022453
0.96325,-0.0022279
0.96346,-0.0022105
0.96366,-0.0021932
0.96386,-0.0021759
0.96407,-0.0021587
0.96427,-0.0021415
0.96447,-0.0021243
0.96468,-0.0021073
0.96488,-0.0020902
0.96509,-0.0020732
0.96529,-0.0020563
0.96549,-0.0020394
0.9657,-0.0020226
0.9659,-0.0020058
0.96611,-0.0019891
0.96631,-0.0019724
0.96651,-0.0019558
0.96672,-0.0019392
0.96692,-0.0019227
0.96713,-0.0019062
0.96733,-0.0018898
0.96753,-0.0018734
0.96774,-0.0018571
0.96794,-0.0018408
0.96814,-0.0018246
0.96835,-0.0018084
0.96855,-0.0017923
0.96876,-0.0017762
0.96896,-0.0017602
0.96916,-0.0017443
0.96937,-0.0017284
0.96957,-0.0017125
0.96978,-0.0016967
0.96998,-0.001681
0.97018,-0.0016653
0.97039,-0.0016496
0.97059,-0.001634
0.9708,-0.0016185
0.971,-0.001603
0.9712,-0.0015876
0.97141,-0.0015722
0.97161,-0.0015569
0.97182,-0.0015416
0.97202,-0.0015264
0.97222,-0.0015113
0.97243,-0.0014962
0.97263,-0.0014811
0.97284,-0.0014661
0.97304,-0.0014512
0.97324,-0.0014363
0.97345,-0.0014215
0.97365,-0.0014067
0.97386,-0.001392
0.97406,-0.0013773
0.97426,-0.0013627
0.97447,-0.0013481
0.97467,-0.0013336
0.97488,-0.0013192
0.97508,-0.0013048
0.97528,-0.0012904
0.97549,-0.0012762
0.97569,-0.0012619
0.9759,-0.0012478
0.9761,-0.0012337
0.9763,-0.0012196
0.97651,-0.0012056
0.97671,-0.0011917
0.97692,-0.0011778
0.97712,-0.001164
0.97732,-0.0011502
0.97753,-0.0011365
0.97773,-0.0011228
0.97794,-0.0011092
0.97814,-0.0010957
0.97835,-0.0010822
0.97855,-0.0010688
0.97875,-0.0010554
0.97896,-0.0010421
0.97916,-0.0010288
0.97937,-0.0010156
0.97957,-0.0010025
0.97977,-0.00098939
0.97998,-0.00097637
0.98018,-0.0009634
0.98039,-0.0009505
0.98059,-0.00093765
0.9808,-0.00092486
0.981,-0.00091213
0.9812,-0.00089945
0.98141,-0.00088684
0.98161,-0.00087429
0.98182,-0.00086179
0.98202,-0.00084936
0.98222,-0.00083698
0.98243,-0.00082467
0.98263,-0.00081241
0.98284,-0.00080021
0.98304,-0.00078808
0.98325,-0.000776
0.98345,-0.00076398
0.98365,-0.00075202
0.98386,-0.00074012
0.98406,-0.00072829
0.98427,-0.00071651
0.98447,-0.00070479
0.98467,-0.00069314
0.98488,-0.00068154
0.98508,-0.00067001
0.98529,-0.00065854
0.98549,-0.00064713
0.9857,-0.00063578
0.9859,-0.00062449
0.9861,-0.00061326
0.98631,-0.00060209
0.98651,-0.00059099
0.98672,-0.00057995
0.98692,-0.00056897
0.98713,-0.00055805
0.98733,-0.00054719
0.98753,-0.0005364
0.98774,-0.00052566
0.98794,-0.000515
0.98815,-0.00050439
0.98835,-0.00049384
0.98856,-0.00048336
0.98876,-0.00047294
0.98896,-0.00046259
0.98917,-0.0004523
0.98937,-0.00044207
0.98958,-0.0004319
0.98978,-0.0004218
0.98999,-0.00041176
0.99019,-0.00040179
0.99039,-0.00039187
0.9906,-0.00038203
0.9908,-0.00037224
0.99101,-0.00036252
0.99121,-0.00035287
0.99142,-0.00034328
0.99162,-0.00033375
0.99182,-0.00032429
0.99203,-0.00031489
0.99223,-0.00030556
0.99244,-0.00029629
0.99264,-0.00028709
0.99285,-0.00027794
0.99305,-0.00026887
0.99326,-0.00025986
0.99346,-0.00025092
0.99366,-0.00024205
0.99387,-0.00023324
0.99407,-0.00022449
0.99428,-0.00021581
0.99448,-0.0002072
0.99469,-0.00019865
0.99489,-0.00019017
0.99509,-0.00018176
0.9953,-0.00017341
0.9955,-0.00016513
0.99571,-0.00015692
0.99591,-0.00014877
0.99612,-0.00014069
0.99632,-0.00013267
0.99653,-0.00012473
0.99673,-0.00011685
0.99693,-0.00010903
0.99714,-0.00010129
0.99734,-9.361e-05
0.99755,-8.6e-05
0.99775,-7.8457e-05
0.99796,-7.0982e-05
0.99816,-6.3576e-05
0.99836,-5.6237e-05
0.99857,-4.8967e-05
0.99877,-4.1764e-05
0.99898,-3.463e-05
0.99918,-2.7565e-05
0.99939,-2.0568e-05
0.99959,-1.364e-05
0.9998,-6.7808e-06
